% BTC-USD, source data_fm_intro1.Rdata (18.642 FM_Intro1), weekly closes; t = decimal year
t p
2014.7146 394.80
2014.7337 404.42
2014.7529 359.51
2014.7721 361.56
2014.7912 383.76
2014.8104 358.35
2014.8296 338.32
2014.8487 342.42
2014.8679 397.82
2014.8871 350.85
2014.9062 376.45
2014.9254 376.85
2014.9446 352.54
2014.9637 317.84
2014.9829 327.92
2015.0027 315.03
2015.0219 290.41
2015.0411 208.10
2015.0602 232.88
2015.0794 226.43
2015.0986 222.27
2015.1177 235.43
2015.1369 243.78
2015.1561 253.83
2015.1752 272.72
2015.1944 285.34
2015.2136 261.75
2015.2327 247.03
2015.2519 254.32
2015.2710 236.07
2015.2902 222.88
2015.3094 231.27
2015.3285 232.08
2015.3477 243.86
2015.3669 237.60
2015.3860 240.35
2015.4052 237.10
2015.4244 224.95
2015.4435 229.98
2015.4627 244.61
2015.4819 243.59
2015.5010 256.34
2015.5202 284.89
2015.5394 279.47
2015.5585 288.28
2015.5777 284.65
2015.5969 279.58
2015.6160 265.68
2015.6352 232.57
2015.6543 231.40
2015.6735 230.30
2015.6927 240.11
2015.7118 232.98
2015.7310 235.14
2015.7502 237.29
2015.7693 243.93
2015.7885 262.87
2015.8077 276.50
2015.8268 328.02
2015.8460 374.47
2015.8652 336.75
2015.8843 322.02
2015.9035 358.04
2015.9227 363.18
2015.9418 451.94
2015.9610 463.62
2015.9802 455.65
2016.0000 434.33
2016.0192 453.23
2016.0383 364.33
2016.0575 382.49
2016.0767 379.47
2016.0958 386.55
2016.1150 384.26
2016.1342 420.79
2016.1533 432.15
2016.1725 410.94
2016.1916 421.69
2016.2108 409.55
2016.2300 417.18
2016.2491 417.96
2016.2683 420.35
2016.2875 429.71
2016.3066 445.74
2016.3258 455.10
2016.3450 459.60
2016.3641 455.67
2016.3833 442.68
2016.4025 473.46
2016.4216 569.19
2016.4408 577.47
2016.4600 748.91
2016.4791 665.30
2016.4983 676.30
2016.5175 666.52
2016.5366 663.26
2016.5558 650.62
2016.5749 656.99
2016.5941 575.04
2016.6133 587.56
2016.6324 575.63
2016.6516 579.65
2016.6708 575.54
2016.6899 622.86
2016.7091 606.97
2016.7283 602.84
2016.7474 609.73
2016.7666 617.12
2016.7858 640.38
2016.8049 632.83
2016.8241 689.65
2016.8433 703.23
2016.8624 716.41
2016.8816 751.59
2016.9008 741.65
2016.9199 777.94
2016.9391 772.79
2016.9582 784.91
2016.9774 921.98
2016.9966 961.24
2017.0137 902.20
2017.0329 823.98
2017.0520 895.03
2017.0712 919.75
2017.0903 1029.91
2017.1095 988.67
2017.1287 1046.21
2017.1478 1173.68
2017.1670 1274.99
2017.1862 1116.72
2017.2053 1100.23
2017.2245 937.52
2017.2437 1071.79
2017.2628 1176.90
2017.2820 1167.54
2017.3012 1222.05
2017.3203 1316.48
2017.3395 1555.45
2017.3587 1724.24
2017.3778 1987.71
2017.3970 2202.42
2017.4162 2488.55
2017.4353 2823.81
2017.4545 2518.56
2017.4736 2744.91
2017.4928 2480.84
2017.5120 2518.66
2017.5311 2233.34
2017.5503 2667.76
2017.5695 2809.01
2017.5886 2895.89
2017.6078 3650.62
2017.6270 4160.62
2017.6461 4371.60
2017.6653 4892.01
2017.6845 4228.75
2017.7036 3637.52
2017.7228 3630.70
2017.7420 4163.07
2017.7611 4370.81
2017.7803 5647.21
2017.7995 6011.45
2017.8186 5780.90
2017.8378 7207.76
2017.8569 6618.14
2017.8761 7708.99
2017.8953 8253.69
2017.9144 10975.60
2017.9336 16569.40
2017.9528 17706.90
2017.9719 13831.80
2017.9911 14656.20
2018.0110 17429.50
2018.0301 13980.60
2018.0493 11607.40
2018.0684 11171.40
2018.0876 8830.75
2018.1068 8736.98
2018.1259 10233.90
2018.1451 10301.10
2018.1643 11086.40
2018.1834 9337.55
2018.2026 8338.35
2018.2218 8879.62
2018.2409 6890.52
2018.2601 6636.32
2018.2793 7895.96
2018.2984 8845.83
2018.3176 8987.05
2018.3368 9700.76
2018.3559 8441.49
2018.3751 8250.97
2018.3943 7480.14
2018.4134 7541.45
2018.4326 7624.92
2018.4517 6456.58
2018.4709 6083.69
2018.4901 6218.30
2018.5092 6673.50
2018.5284 6238.05
2018.5476 7354.13
2018.5667 8165.01
2018.5859 7434.39
2018.6051 6184.71
2018.6242 6580.63
2018.6434 6719.96
2018.6626 7037.58
2018.6817 6467.07
2018.7009 6512.71
2018.7201 6734.95
2018.7392 6644.13
2018.7584 6622.48
2018.7775 6274.58
2018.7967 6465.41
2018.8159 6474.75
2018.8350 6388.44
2018.8542 6385.62
2018.8734 5575.55
2018.8925 4347.11
2018.9117 4017.27
2018.9309 3419.94
2018.9500 3242.48
2018.9692 3896.54
2018.9884 3923.92
2019.0082 3857.72
2019.0274 3687.37
2019.0465 3657.84
2019.0657 3599.77
2019.0849 3487.95
2019.1040 3666.78
2019.1232 3620.81
2019.1424 4005.53
2019.1615 3859.58
2019.1807 3901.13
2019.1999 3960.91
2019.2190 4023.97
2019.2382 4098.37
2019.2574 5036.68
2019.2765 5089.54
2019.2957 5303.81
2019.3149 5279.35
2019.3340 5768.29
2019.3532 6378.85
2019.3723 7343.90
2019.3915 7987.37
2019.4107 8574.50
2019.4298 8043.95
2019.4490 8693.83
2019.4682 10144.56
2019.4873 12407.33
2019.5065 10978.46
2019.5257 11815.99
2019.5448 10530.73
2019.5640 9870.30
2019.5832 10518.17
2019.6023 11862.94
2019.6215 10374.34
2019.6407 10407.96
2019.6598 9598.17
2019.6790 10353.30
2019.6982 10360.55
2019.7173 10181.64
2019.7365 8251.85
2019.7556 8205.94
2019.7748 8321.76
2019.7940 7973.21
2019.8131 8660.70
2019.8323 9261.10
2019.8515 8804.88
2019.8706 8491.99
2019.8898 7296.58
2019.9090 7761.24
2019.9281 7547.00
2019.9473 7269.68
2019.9665 7218.82
2019.9856 7290.09
2020.0055 7344.88
2020.0246 8166.55
2020.0438 8929.04
2020.0630 8445.43
2020.0821 9350.53
2020.1013 9795.94
2020.1205 10312.12
2020.1396 9686.44
2020.1588 8672.46
2020.1780 9122.55
2020.1971 5563.71
2020.2163 6198.78
2020.2355 6469.80
2020.2546 6733.39
2020.2738 6865.49
2020.2930 7096.18
2020.3121 7550.90
2020.3313 8864.77
2020.3504 9842.67
2020.3696 9328.20
2020.3888 9182.58
2020.4079 9439.12
2020.4271 9665.53
2020.4463 9480.84
2020.4654 9288.02
2020.4846 9162.92
2020.5038 9087.30
2020.5229 9278.81
2020.5421 9151.39
2020.5613 9536.89
2020.5804 11323.47
2020.5996 11601.47
2020.6188 11768.87
2020.6379 11592.49
2020.6571 11542.50
2020.6762 10511.81
2020.6954 10400.92
2020.7146 10944.59
2020.7337 10692.72
2020.7529 10575.97
2020.7721 11064.46
2020.7912 11322.12
2020.8104 12931.54
2020.8296 13546.52
2020.8487 15565.88
2020.8679 16317.81
2020.8871 18621.31
2020.9062 17108.40
2020.9254 18699.77
2020.9446 18058.90
2020.9637 23137.96
2020.9829 24664.79
2021.0000 29374.15
2021.0192 40797.61
2021.0383 36825.37
2021.0575 33005.76
2021.0767 34316.39
2021.0958 38144.31
2021.1150 47504.85
2021.1342 55888.13
2021.1533 46339.76
2021.1725 48927.30
2021.1916 57332.09
2021.2108 58346.65
2021.2300 55137.31
2021.2491 59384.31
2021.2683 58245.00
2021.2875 61572.79
2021.3066 51093.65
2021.3258 57750.18
2021.3450 57356.40
2021.3641 49880.54
2021.3833 37304.69
2021.4025 35697.61
2021.4216 36894.41
2021.4408 37334.40
2021.4600 35787.25
2021.4791 31637.78
2021.4983 33897.05
2021.5175 33798.01
2021.5366 31421.54
2021.5558 33581.55
2021.5749 42235.55
2021.5941 42816.50
2021.6133 47793.32
2021.6324 49339.18
2021.6516 49058.67
2021.6708 50025.38
2021.6899 44883.91
2021.7091 47267.52
2021.7283 42839.75
2021.7474 48116.94
2021.7666 53967.85
2021.7858 61593.95
2021.8049 60692.27
2021.8241 62227.96
2021.8433 61125.68
2021.8624 64155.94
2021.8816 58119.58
2021.9008 53569.77
2021.9199 53598.25
2021.9391 47243.30
2021.9582 46202.14
2021.9774 50822.20
2021.9966 46306.45
2022.0164 41557.90
2022.0356 43099.70
2022.0548 36457.32
2022.0739 37784.33
2022.0931 41500.88
2022.1123 42407.94
2022.1314 40030.98
2022.1506 39214.22
2022.1697 39137.61
2022.1889 38794.97
2022.2081 41801.16
2022.2272 44348.73
2022.2464 46281.64
2022.2656 42287.66
2022.2847 40553.46
2022.3039 39740.32
2022.3231 38609.82
2022.3422 36040.92
2022.3614 29283.10
2022.3806 29200.74
2022.3997 28627.57
2022.4189 29704.39
2022.4381 29083.80
2022.4572 20471.48
2022.4764 21231.66
2022.4956 19269.37
2022.5147 21731.12
2022.5339 20836.33
2022.5530 22714.98
2022.5722 23804.63
2022.5914 23289.31
2022.6105 24402.82
2022.6297 20877.55
2022.6489 20260.02
2022.6680 19969.77
2022.6872 21381.15
2022.7064 19772.58
2022.7255 19297.64
2022.7447 19431.79
2022.7639 19546.85
2022.7830 19185.66
2022.8022 19172.47
2022.8214 20595.35
2022.8405 21147.23
2022.8597 17034.29
2022.8789 16697.78
2022.8980 16521.84
2022.9172 17088.66
2022.9363 17133.15
2022.9555 16647.48
2022.9747 16796.95
2022.9938 16602.59
2023.0137 16951.97
2023.0329 19909.57
2023.0520 22676.55
2023.0712 23078.73
2023.0903 23449.32
2023.1095 21651.18
2023.1287 24565.60
2023.1478 23198.13
2023.1670 22362.68
2023.1862 20187.24
2023.2053 27423.93
2023.2245 27493.29
2023.2437 28478.48
2023.2628 27925.86
2023.2820 30485.70
2023.3012 27276.91
2023.3203 29340.26
2023.3395 29534.38
2023.3587 26804.99
2023.3778 26890.13
2023.3970 26719.29
2023.4162 27249.59
2023.4353 26480.38
2023.4545 26327.46
2023.4736 30695.47
2023.4928 30477.25
2023.5120 30342.27
2023.5311 30334.07
2023.5503 29908.74
2023.5695 29319.25
2023.5886 29074.09
2023.6078 29397.71
2023.6270 26049.56
2023.6461 26047.67
2023.6653 25800.72
2023.6845 25905.65
2023.7036 26608.69
2023.7228 26579.57
2023.7420 26911.72
2023.7611 27946.60
2023.7803 26862.38
2023.7995 29682.95
2023.8186 33909.80
2023.8378 34732.32
2023.8569 37313.97
2023.8761 36596.68
2023.8953 37720.28
2023.9144 38688.75
2023.9336 44166.60
2023.9528 41929.76
2023.9719 43997.90
2023.9911 42099.40
2024.0110 44162.69
2024.0301 42853.17
2024.0493 41618.41
2024.0684 41816.87
2024.0876 43185.86
2024.1068 47147.20
2024.1259 52160.20
2024.1451 50731.95
2024.1643 62440.63
2024.1834 68300.09
2024.2026 69403.77
2024.2218 63778.76
2024.2409 69892.83
2024.2601 67837.64
2024.2793 67195.87
2024.2984 63843.57
2024.3176 63755.32
2024.3368 62889.84
2024.3559 60792.78
2024.3751 67051.88
2024.3943 68526.10
2024.4134 67491.41
2024.4326 69342.59
2024.4517 66011.09
2024.4709 64096.20
2024.4901 60320.14
2024.5092 56662.38
2024.5284 57899.46
2024.5476 66710.16
2024.5667 67912.06
2024.5859 61415.07
2024.6051 60880.11
2024.6242 58894.11
2024.6434 64094.36
2024.6626 59119.48
2024.6817 58969.90
