% Daily log-returns 2019-01-02..2024-08-30 (18.642 SP500_data_subset.RData): histogram densities; ew = equal-weighted 487 S&P 500 stocks
x ew aapl
-0.12875 0.0000 0.0000
-0.12625 0.0000 0.0000
-0.12375 0.0000 0.0000
-0.12125 0.0000 0.0000
-0.11875 0.0000 0.0000
-0.11625 0.0000 0.0000
-0.11375 0.0000 0.0000
-0.11125 0.0000 0.0000
-0.10875 0.0000 0.0000
-0.10625 0.2809 0.0000
-0.10375 0.0000 0.5618
-0.10125 0.0000 0.0000
-0.09875 0.0000 0.0000
-0.09625 0.0000 0.0000
-0.09375 0.0000 0.0000
-0.09125 0.0000 0.0000
-0.08875 0.2809 0.0000
-0.08625 0.0000 0.0000
-0.08375 0.0000 0.2809
-0.08125 0.0000 0.2809
-0.07875 0.0000 0.0000
-0.07625 0.0000 0.0000
-0.07375 0.2809 0.0000
-0.07125 0.0000 0.0000
-0.06875 0.0000 0.5618
-0.06625 0.0000 0.2809
-0.06375 0.2809 0.0000
-0.06125 0.0000 0.2809
-0.05875 0.0000 0.8427
-0.05625 0.2809 0.2809
-0.05375 0.0000 0.8427
-0.05125 0.2809 0.2809
-0.04875 0.0000 1.4045
-0.04625 0.2809 1.1236
-0.04375 0.2809 0.8427
-0.04125 0.8427 1.1236
-0.03875 0.2809 2.2472
-0.03625 0.5618 2.5281
-0.03375 1.6854 2.8090
-0.03125 1.4045 4.2135
-0.02875 2.8090 2.2472
-0.02625 2.2472 5.6180
-0.02375 2.8090 5.0562
-0.02125 4.7753 7.5843
-0.01875 7.3034 9.2697
-0.01625 8.1461 8.7079
-0.01375 12.3596 9.8315
-0.01125 10.9551 16.0112
-0.00875 20.7865 21.3483
-0.00625 22.7528 24.4382
-0.00375 34.5506 24.7191
-0.00125 43.8202 27.8090
0.00125 42.1348 28.9326
0.00375 40.4494 26.1236
0.00625 34.2697 27.8090
0.00875 30.3371 20.2247
0.01125 19.6629 17.4157
0.01375 14.0449 18.5393
0.01625 12.3596 15.4494
0.01875 7.5843 11.7978
0.02125 5.0562 9.5506
0.02375 3.9326 9.8315
0.02625 2.5281 4.4944
0.02875 2.8090 6.7416
0.03125 1.1236 3.6517
0.03375 0.2809 3.6517
0.03625 0.0000 2.2472
0.03875 0.2809 1.9663
0.04125 0.5618 1.4045
0.04375 0.5618 0.5618
0.04625 0.0000 0.8427
0.04875 0.0000 0.8427
0.05125 0.0000 0.8427
0.05375 0.2809 0.0000
0.05625 0.2809 0.0000
0.05875 0.2809 0.2809
0.06125 0.0000 0.2809
0.06375 0.0000 0.0000
0.06625 0.0000 0.5618
0.06875 0.0000 0.2809
0.07125 0.0000 0.2809
0.07375 0.0000 0.2809
0.07625 0.5618 0.0000
0.07875 0.0000 0.0000
0.08125 0.0000 0.0000
0.08375 0.0000 0.2809
0.08625 0.0000 0.2809
0.08875 0.0000 0.2809
0.09125 0.0000 0.0000
0.09375 0.0000 0.0000
0.09625 0.0000 0.2809
0.09875 0.0000 0.2809
0.10125 0.2809 0.0000
0.10375 0.0000 0.0000
0.10625 0.0000 0.0000
0.10875 0.0000 0.0000
0.11125 0.0000 0.0000
0.11375 0.0000 0.2809
0.11625 0.0000 0.0000
0.11875 0.0000 0.0000
0.12125 0.0000 0.0000
0.12375 0.0000 0.0000
0.12625 0.0000 0.0000
0.12875 0.0000 0.0000
