t dfr it10 de10
1999.042 2.44 3.92 3.70
1999.125 2.00 4.05 3.85
1999.208 2.00 4.27 4.04
1999.292 1.63 4.11 3.85
1999.375 1.50 4.28 4.01
1999.458 1.50 4.62 4.36
1999.542 1.50 4.94 4.68
1999.625 1.50 5.13 4.88
1999.708 1.50 5.28 5.04
1999.792 1.50 5.52 5.29
1999.875 1.93 5.25 5.04
1999.958 2.00 5.36 5.15
2000.042 2.00 5.75 5.54
2000.125 2.22 5.73 5.51
2000.208 2.37 5.58 5.33
2000.292 2.52 5.47 5.22
2000.375 2.75 5.67 5.38
2000.458 3.12 5.51 5.19
2000.542 3.25 5.59 5.27
2000.625 3.25 5.56 5.21
2000.708 3.50 5.63 5.26
2000.792 3.71 5.58 5.21
2000.875 3.75 5.55 5.15
2000.958 3.75 5.30 4.89
2001.042 3.75 5.18 4.80
2001.125 3.75 5.18 4.78
2001.208 3.75 5.13 4.67
2001.292 3.75 5.28 4.83
2001.375 3.58 5.45 5.05
2001.458 3.50 5.40 5.00
2001.542 3.50 5.42 5.02
2001.625 3.49 5.21 4.82
2001.708 3.03 5.20 4.81
2001.792 2.75 4.96 4.60
2001.875 2.38 4.80 4.45
2001.958 2.25 5.05 4.74
2002.042 2.25 5.14 4.86
2002.125 2.25 5.20 4.92
2002.208 2.25 5.41 5.16
2002.292 2.25 5.40 5.15
2002.375 2.25 5.41 5.17
2002.458 2.25 5.25 5.02
2002.542 2.25 5.11 4.87
2002.625 2.25 4.83 4.59
2002.708 2.25 4.62 4.38
2002.792 2.25 4.76 4.46
2002.875 2.25 4.74 4.48
2002.958 1.83 4.55 4.33
2003.042 1.75 4.38 4.18
2003.125 1.75 4.16 3.95
2003.208 1.55 4.18 4.00
2003.292 1.50 4.31 4.15
2003.375 1.50 4.04 3.82
2003.458 1.08 3.82 3.62
2003.542 1.00 4.13 3.97
2003.625 1.00 4.29 4.13
2003.708 1.00 4.31 4.17
2003.792 1.00 4.38 4.22
2003.875 1.00 4.51 4.35
2003.958 1.00 4.46 4.29
2004.042 1.00 4.32 4.17
2004.125 1.00 4.34 4.11
2004.208 1.00 4.17 3.91
2004.292 1.00 4.35 4.10
2004.375 1.00 4.49 4.25
2004.458 1.00 4.54 4.31
2004.542 1.00 4.44 4.24
2004.625 1.00 4.28 4.08
2004.708 1.00 4.25 4.02
2004.792 1.00 4.13 3.89
2004.875 1.00 4.00 3.78
2004.958 1.00 3.79 3.58
2005.042 1.00 3.71 3.56
2005.125 1.00 3.68 3.54
2005.208 1.00 3.84 3.70
2005.292 1.00 3.65 3.48
2005.375 1.00 3.55 3.30
2005.458 1.00 3.40 3.13
2005.542 1.00 3.44 3.20
2005.625 1.00 3.45 3.23
2005.708 1.00 3.29 3.07
2005.792 1.00 3.44 3.24
2005.875 1.00 3.65 3.45
2005.958 1.21 3.55 3.34
2006.042 1.25 3.54 3.32
2006.125 1.25 3.70 3.47
2006.208 1.44 3.92 3.64
2006.292 1.50 4.22 3.89
2006.375 1.50 4.29 3.96
2006.458 1.63 4.29 3.96
2006.542 1.75 4.31 4.01
2006.625 1.94 4.17 3.88
2006.708 2.00 4.04 3.75
2006.792 2.17 4.07 3.79
2006.875 2.25 3.97 3.71
2006.958 2.40 4.04 3.77
2007.042 2.50 4.26 4.02
2007.125 2.50 4.28 4.05
2007.208 2.65 4.18 3.94
2007.292 2.75 4.37 4.15
2007.375 2.75 4.49 4.28
2007.458 2.90 4.77 4.56
2007.542 3.00 4.76 4.50
2007.625 3.00 4.58 4.30
2007.708 3.00 4.57 4.22
2007.792 3.00 4.59 4.28
2007.875 3.00 4.45 4.09
2007.958 3.00 4.54 4.21
2008.042 3.00 4.40 4.03
2008.125 3.00 4.35 3.95
2008.208 3.00 4.38 3.80
2008.292 3.00 4.53 4.04
2008.375 3.00 4.70 4.20
2008.458 3.00 5.11 4.52
2008.542 3.19 5.09 4.49
2008.625 3.25 4.81 4.20
2008.708 3.25 4.80 4.09
2008.792 3.23 4.78 3.88
2008.875 2.93 4.74 3.56
2008.958 2.22 4.47 3.05
2009.042 1.65 4.62 3.07
2009.125 1.00 4.54 3.13
2009.208 0.66 4.46 3.02
2009.292 0.31 4.36 3.13
2009.375 0.25 4.42 3.37
2009.458 0.25 4.61 3.47
2009.542 0.25 4.37 3.34
2009.625 0.25 4.12 3.31
2009.708 0.25 4.09 3.26
2009.792 0.25 4.10 3.21
2009.875 0.25 4.06 3.22
2009.958 0.25 4.01 3.14
2010.042 0.25 4.08 3.26
2010.125 0.25 4.05 3.17
2010.208 0.25 3.94 3.10
2010.292 0.25 4.00 3.06
2010.375 0.25 3.98 2.73
2010.458 0.25 4.10 2.54
2010.542 0.25 4.03 2.62
2010.625 0.25 3.80 2.35
2010.708 0.25 3.86 2.30
2010.792 0.25 3.80 2.35
2010.875 0.25 4.18 2.53
2010.958 0.25 4.60 2.91
2011.042 0.25 4.73 3.02
2011.125 0.25 4.74 3.20
2011.208 0.25 4.88 3.21
2011.292 0.40 4.84 3.34
2011.375 0.50 4.76 3.06
2011.458 0.50 4.82 2.89
2011.542 0.65 5.46 2.74
2011.625 0.75 5.27 2.21
2011.708 0.75 5.75 1.83
2011.792 0.75 5.97 2.00
2011.875 0.57 7.06 1.87
2011.958 0.35 6.81 1.93
2012.042 0.25 6.54 1.82
2012.125 0.25 5.55 1.85
2012.208 0.25 5.05 1.83
2012.292 0.25 5.68 1.62
2012.375 0.25 5.78 1.34
2012.458 0.25 5.90 1.30
2012.542 0.08 6.00 1.24
2012.625 0.00 5.82 1.34
2012.708 0.00 5.25 1.49
2012.792 0.00 4.95 1.47
2012.875 0.00 4.85 1.34
2012.958 0.00 4.54 1.30
2013.042 0.00 4.21 1.51
2013.125 0.00 4.49 1.54
2013.208 0.00 4.64 1.35
2013.292 0.00 4.28 1.20
2013.375 0.00 3.96 1.29
2013.458 0.00 4.38 1.53
2013.542 0.00 4.42 1.56
2013.625 0.00 4.42 1.73
2013.708 0.00 4.54 1.89
2013.792 0.00 4.25 1.76
2013.875 0.00 4.09 1.68
2013.958 0.00 4.11 1.80
2014.042 0.00 3.87 1.76
2014.125 0.00 3.65 1.56
2014.208 0.00 3.40 1.51
2014.292 0.00 3.23 1.46
2014.375 0.00 3.12 1.33
2014.458 -0.07 2.92 1.26
2014.542 -0.10 2.79 1.11
2014.625 -0.10 2.63 0.95
2014.708 -0.17 2.40 0.92
2014.792 -0.20 2.42 0.79
2014.875 -0.20 2.29 0.72
2014.958 -0.20 1.99 0.59
2015.042 -0.20 1.70 0.39
2015.125 -0.20 1.56 0.30
2015.208 -0.20 1.29 0.23
2015.292 -0.20 1.36 0.12
2015.375 -0.20 1.81 0.56
2015.458 -0.20 2.20 0.79
2015.542 -0.20 2.04 0.71
2015.625 -0.20 1.84 0.61
2015.708 -0.20 1.92 0.65
2015.792 -0.20 1.70 0.52
2015.875 -0.20 1.57 0.52
2015.958 -0.27 1.58 0.55
2016.042 -0.30 1.53 0.43
2016.125 -0.30 1.56 0.17
2016.208 -0.35 1.38 0.17
2016.292 -0.40 1.44 0.13
2016.375 -0.40 1.53 0.13
2016.458 -0.40 1.45 -0.02
2016.542 -0.40 1.23 -0.15
2016.625 -0.40 1.18 -0.13
2016.708 -0.40 1.27 -0.09
2016.792 -0.40 1.45 0.00
2016.875 -0.40 1.94 0.19
2016.958 -0.40 1.89 0.25
2017.042 -0.40 1.99 0.25
2017.125 -0.40 2.35 0.26
2017.208 -0.40 2.40 0.35
2017.292 -0.40 2.26 0.22
2017.375 -0.40 2.19 0.34
2017.458 -0.40 2.05 0.25
2017.542 -0.40 2.23 0.46
2017.625 -0.40 2.11 0.35
2017.708 -0.40 2.11 0.35
2017.792 -0.40 2.07 0.37
2017.875 -0.40 1.79 0.31
2017.958 -0.40 1.79 0.30
2018.042 -0.40 1.98 0.47
2018.125 -0.40 2.08 0.66
2018.208 -0.40 1.97 0.53
2018.292 -0.40 1.77 0.48
2018.375 -0.40 2.18 0.45
2018.458 -0.40 2.74 0.33
2018.542 -0.40 2.64 0.28
2018.625 -0.40 3.16 0.29
2018.708 -0.40 2.96 0.37
2018.792 -0.40 3.47 0.40
2018.875 -0.40 3.39 0.31
2018.958 -0.40 2.98 0.19
2019.042 -0.40 2.77 0.13
2019.125 -0.40 2.81 0.06
2019.208 -0.40 2.69 0.01
2019.292 -0.40 2.62 -0.04
2019.375 -0.40 2.64 -0.13
2019.458 -0.40 2.28 -0.31
2019.542 -0.40 1.65 -0.39
2019.625 -0.40 1.40 -0.65
2019.708 -0.44 0.90 -0.59
2019.792 -0.50 1.00 -0.47
2019.875 -0.50 1.27 -0.35
2019.958 -0.50 1.37 -0.30
2020.042 -0.50 1.27 -0.31
2020.125 -0.50 0.95 -0.47
2020.208 -0.50 1.55 -0.54
2020.292 -0.50 1.80 -0.45
2020.375 -0.50 1.76 -0.52
2020.458 -0.50 1.46 -0.43
2020.542 -0.50 1.20 -0.52
2020.625 -0.50 1.03 -0.52
2020.708 -0.50 0.98 -0.52
2020.792 -0.50 0.77 -0.61
2020.875 -0.50 0.66 -0.61
2020.958 -0.50 0.58 -0.62
2021.042 -0.50 0.62 -0.58
2021.125 -0.50 0.59 -0.45
2021.208 -0.50 0.70 -0.36
2021.292 -0.50 0.80 -0.33
2021.375 -0.50 0.98 -0.22
2021.458 -0.50 0.88 -0.29
2021.542 -0.50 0.75 -0.45
2021.625 -0.50 0.63 -0.54
2021.708 -0.50 0.78 -0.36
2021.792 -0.50 0.95 -0.21
2021.875 -0.50 1.01 -0.31
2021.958 -0.50 1.05 -0.38
2022.042 -0.50 1.35 -0.12
2022.125 -0.50 1.79 0.15
2022.208 -0.50 1.85 0.28
2022.292 -0.50 2.44 0.74
2022.375 -0.50 2.99 0.95
2022.458 -0.50 3.63 1.45
2022.542 -0.42 3.36 1.08
2022.625 0.00 3.30 1.03
2022.708 0.42 4.14 1.80
2022.792 0.75 4.53 2.19
2022.875 1.48 4.24 2.07
2022.958 1.68 4.26 2.08
2023.042 2.00 4.24 2.19
2023.125 2.38 4.27 2.37
2023.208 2.66 4.24 2.38
2023.292 3.00 4.23 2.36
2023.375 3.18 4.31 2.34
2023.458 3.33 4.07 2.38
2023.542 3.50 4.16 2.46
2023.625 3.74 4.22 2.54
2023.708 3.84 4.51 2.66
2023.792 4.00 4.88 2.82
2023.875 4.00 4.43 2.60
2023.958 4.00 3.82 2.10
2024.042 4.00 3.81 2.17
2024.125 4.00 3.87 2.33
2024.208 4.00 3.70 2.35
2024.292 4.00 3.86 2.45
2024.375 4.00 3.84 2.52
2024.458 3.84 3.94 2.48
2024.542 3.75 3.83 2.46
2024.625 3.75 3.68 2.21
2024.708 3.64 3.56 2.17
2024.792 3.43 3.50 2.23
2024.875 3.25 3.57 2.31
2024.958 3.14 3.32 2.18
2025.042 3.00 3.68 2.48
2025.125 2.79 3.58 2.40
2025.208 2.59 3.89 2.74
2025.292 2.43 3.71 2.51
2025.375 2.25 3.63 2.56
2025.458 2.08 3.50 2.52
2025.542 2.00 3.54 2.63
2025.625 2.00 3.54 2.67
2025.708 2.00 3.56 2.69
2025.792 2.00 3.44 2.62
2025.875 2.00 3.46 2.66
2025.958 2.00 3.55 2.81
2026.042 2.00 3.49 2.81
2026.125 2.00 3.39 2.74
2026.208 2.00 3.73 2.91
2026.292 2.00 3.82 3.00
2026.375 2.00 3.84 3.04
2026.458 2.12 3.73 2.96
2026.542 2.25 3.88 3.07
2026.625 2.25 3.99 3.19
