% Equal-weighted portfolios, $1000 invested 2019-01-02 (18.642 Equal_Weighted_Portfolios.Rmd, SP500_data_subset.RData); daily; t = decimal year
t sp500 aang amzn aapl nflx goog
2019.0027 1000.00 1000.00 250.00 250.00 250.00 250.00
2019.0055 979.80 964.97 243.69 225.10 253.31 242.88
2019.0082 1012.02 1024.48 255.89 234.71 277.94 255.94
2019.0164 1021.93 1048.79 264.68 234.18 294.53 255.39
2019.0192 1033.11 1064.14 269.08 238.65 299.14 257.27
2019.0219 1040.16 1067.98 269.54 242.70 298.85 256.89
2019.0246 1047.38 1071.59 269.02 243.48 303.24 255.85
2019.0274 1048.56 1075.59 266.48 241.09 315.32 252.71
2019.0356 1042.04 1060.84 262.68 237.46 310.97 249.72
2019.0383 1050.20 1103.04 272.00 242.32 331.24 257.48
2019.0411 1053.03 1105.38 273.50 245.28 328.21 258.40
2019.0438 1062.29 1112.18 275.03 246.74 329.89 260.53
2019.0465 1077.12 1103.03 275.51 248.26 316.73 262.53
2019.0575 1063.05 1067.40 265.11 242.69 303.71 255.90
2019.0602 1063.31 1067.90 266.39 243.67 300.75 257.10
2019.0630 1069.25 1072.37 268.81 241.74 305.12 256.71
2019.0657 1079.99 1097.63 271.35 249.75 315.75 260.79
2019.0739 1075.65 1082.78 266.04 247.44 313.51 255.79
2019.0767 1077.44 1064.49 258.89 244.87 307.20 253.53
2019.0794 1090.18 1111.44 271.33 261.60 318.18 260.33
2019.0821 1099.19 1126.62 279.17 263.49 317.10 266.86
2019.0849 1103.17 1110.70 264.15 263.61 317.43 265.51
2019.0931 1109.59 1135.34 265.30 271.10 328.16 270.78
2019.0958 1114.83 1151.45 269.44 275.74 332.33 273.94
2019.0986 1113.96 1137.80 266.43 275.84 328.95 266.58
2019.1013 1107.25 1117.43 262.22 270.61 321.97 262.64
2019.1040 1109.36 1115.30 257.97 270.93 324.64 261.76
2019.1123 1112.67 1112.47 258.43 269.37 322.92 261.75
2019.1150 1125.68 1142.03 266.06 271.69 336.22 268.05
2019.1177 1130.51 1133.27 266.38 270.56 328.56 267.76
2019.1205 1129.06 1138.62 263.57 271.55 335.38 268.12
2019.1232 1142.42 1131.65 261.18 270.95 333.32 266.21
2019.1342 1144.83 1141.54 264.37 271.76 338.04 267.38
2019.1369 1148.08 1139.39 263.48 273.51 336.16 266.24
2019.1396 1145.04 1130.64 263.04 271.96 333.42 262.22
2019.1424 1152.13 1144.50 265.01 275.00 339.07 265.42
2019.1506 1152.79 1147.34 265.25 277.00 339.90 265.19
2019.1533 1150.36 1150.41 265.80 277.16 340.89 266.56
2019.1561 1150.92 1150.29 266.56 278.02 338.93 266.78
2019.1588 1148.60 1143.82 266.36 275.29 334.47 267.71
2019.1615 1156.22 1156.20 271.54 278.18 333.74 272.74
2019.1697 1149.85 1157.34 275.51 279.58 327.88 274.37
2019.1725 1146.61 1162.67 274.90 279.07 330.92 277.77
2019.1752 1137.01 1161.21 271.09 277.46 335.88 276.77
2019.1780 1129.14 1140.98 264.10 274.25 329.34 273.29
2019.1807 1126.53 1137.76 263.27 274.90 326.53 273.06
2019.1889 1142.06 1172.02 271.36 284.43 335.18 281.05
2019.1916 1145.37 1177.37 271.76 287.62 332.76 285.22
2019.1944 1152.53 1186.16 274.64 288.90 337.38 285.25
2019.1971 1151.42 1184.54 273.89 292.11 335.15 283.39
2019.1999 1155.88 1194.79 278.14 295.91 337.61 283.13
2019.2081 1160.62 1204.45 282.98 298.93 339.46 283.09
2019.2108 1158.53 1204.42 286.18 296.56 335.11 286.57
2019.2136 1152.53 1234.12 291.93 299.15 350.46 292.58
2019.2163 1168.68 1252.99 295.50 310.17 352.94 294.39
2019.2190 1145.23 1215.75 286.65 303.74 337.19 288.16
2019.2272 1145.58 1215.51 288.19 300.07 342.07 285.17
2019.2300 1153.96 1206.10 289.74 296.97 336.22 283.17
2019.2327 1149.05 1196.90 286.80 299.64 330.05 280.40
2019.2355 1155.48 1198.62 288.06 300.04 331.21 279.32
2019.2382 1163.88 1204.74 289.25 302.00 333.03 280.47
2019.2464 1177.67 1226.99 294.68 304.05 342.75 285.52
2019.2491 1176.69 1233.53 294.64 308.47 343.46 286.97
2019.2519 1180.85 1239.93 295.74 310.58 345.35 288.26
2019.2546 1182.38 1240.60 295.44 311.12 343.61 290.43
2019.2574 1190.49 1241.56 298.43 313.20 341.38 288.56
2019.2656 1191.79 1243.93 300.47 318.13 337.56 287.77
2019.2683 1182.69 1242.21 298.19 317.18 340.65 286.19
2019.2710 1189.32 1246.29 300.06 318.96 339.91 287.36
2019.2738 1191.48 1247.18 299.53 316.30 343.39 287.95
2019.2765 1199.59 1234.64 299.37 316.18 327.97 291.12
2019.2847 1197.97 1234.15 299.66 316.75 325.85 291.89
2019.2875 1196.44 1248.47 302.61 316.78 335.74 293.33
2019.2902 1188.75 1252.72 302.90 322.95 331.33 295.53
2019.2930 1191.61 1258.62 302.39 324.11 336.57 295.54
2019.3039 1190.25 1282.70 306.55 325.18 352.44 298.52
2019.3066 1201.51 1301.31 312.48 329.87 356.69 302.28
2019.3094 1202.65 1288.03 308.90 329.36 349.54 300.23
2019.3121 1197.20 1281.39 308.98 326.37 344.03 302.02
2019.3149 1204.75 1295.87 316.84 324.81 350.12 304.10
2019.3231 1204.85 1295.24 314.86 325.30 347.30 307.78
2019.3258 1210.06 1262.15 312.92 319.04 346.09 284.09
2019.3285 1200.17 1278.22 310.49 334.70 353.82 279.22
2019.3313 1201.64 1273.23 308.75 332.52 354.05 277.91
2019.3340 1213.35 1298.40 318.76 336.65 359.63 283.36
2019.3422 1208.19 1286.28 316.83 331.46 353.69 284.31
2019.3450 1188.51 1261.22 312.03 322.52 346.02 280.66
2019.3477 1186.76 1253.20 311.50 322.58 340.33 278.79
2019.3504 1184.64 1244.38 308.59 319.12 338.82 277.86
2019.3532 1190.29 1237.21 306.99 314.70 337.22 278.31
2019.3614 1161.53 1185.55 296.06 296.41 322.48 270.60
2019.3641 1172.68 1190.63 298.89 301.10 322.81 267.83
2019.3669 1177.63 1218.50 303.93 304.71 331.57 278.29
2019.3696 1186.99 1230.64 309.85 303.37 335.60 281.82
2019.3723 1178.29 1214.12 303.58 301.64 331.06 277.84
2019.3806 1170.52 1191.53 301.95 292.21 325.14 272.23
2019.3833 1183.53 1205.23 301.72 297.81 330.90 274.81
2019.3860 1178.82 1205.01 302.07 291.72 336.00 275.24
2019.3888 1164.23 1183.28 294.89 286.74 328.97 272.69
2019.3915 1167.00 1183.74 296.15 285.63 331.01 270.94
2019.4025 1156.28 1185.48 298.29 284.45 331.63 271.11
2019.4052 1148.48 1171.62 295.49 283.10 326.15 266.88
2019.4079 1151.36 1175.46 295.02 284.57 328.64 267.23
2019.4107 1140.01 1152.18 288.32 279.41 320.63 263.81
2019.4189 1144.35 1113.65 274.94 276.59 314.42 247.70
2019.4216 1169.14 1149.44 280.93 286.70 330.08 251.72
2019.4244 1179.52 1155.11 282.38 291.33 332.26 249.13
2019.4271 1185.72 1163.78 284.96 295.61 333.57 249.64
2019.4298 1194.72 1188.39 293.03 303.48 337.06 254.83
2019.4381 1199.97 1196.62 302.22 307.36 328.78 258.25
2019.4408 1198.29 1199.59 302.72 310.92 328.09 257.86
2019.4435 1197.59 1191.50 301.36 309.93 322.76 257.45
2019.4463 1204.00 1194.68 303.79 309.86 320.77 260.26
2019.4490 1200.33 1188.06 303.69 307.61 317.31 259.44
2019.4572 1199.28 1204.43 306.35 309.45 327.49 261.15
2019.4600 1211.19 1222.93 308.84 316.72 333.56 263.80
2019.4627 1217.51 1228.88 310.04 315.80 339.54 263.50
2019.4654 1228.42 1236.69 311.57 318.34 341.11 265.67
2019.4682 1223.71 1240.73 310.45 317.25 344.85 268.17
2019.4764 1219.34 1241.02 310.87 316.93 346.56 266.65
2019.4791 1208.98 1213.42 305.09 312.13 336.53 259.68
2019.4819 1205.49 1223.56 308.26 318.88 338.30 258.12
2019.4846 1214.83 1230.91 309.31 318.78 345.61 257.21
2019.4873 1225.40 1224.93 307.58 315.88 343.08 258.38
2019.4956 1234.66 1246.23 312.22 321.67 349.88 262.45
2019.4983 1236.03 1254.04 314.19 323.56 350.66 265.63
2019.5010 1247.39 1265.82 314.95 326.24 356.53 268.10
2019.5065 1245.69 1267.47 315.59 325.95 355.44 270.50
2019.5147 1239.01 1254.54 317.11 319.23 351.34 266.85
2019.5175 1239.99 1267.88 322.96 321.18 354.86 268.88
2019.5202 1242.12 1280.52 327.69 324.35 355.86 272.62
2019.5229 1243.38 1275.00 325.03 321.99 354.46 273.51
2019.5257 1251.77 1273.41 326.65 324.47 348.62 273.68
2019.5339 1250.97 1273.17 328.27 327.51 342.41 274.98
2019.5366 1248.64 1270.44 326.47 326.38 341.84 275.75
2019.5394 1239.89 1260.66 323.56 324.54 338.53 274.02
2019.5421 1245.28 1227.27 321.27 328.23 303.75 274.02
2019.5448 1238.24 1206.88 319.10 323.33 294.31 270.14
2019.5530 1240.09 1215.42 322.52 330.72 290.13 272.04
2019.5558 1249.18 1218.29 323.96 333.31 287.02 273.99
2019.5585 1258.69 1226.97 324.99 333.04 296.96 271.98
2019.5613 1251.05 1226.55 320.61 330.40 304.92 270.62
2019.5640 1258.14 1259.68 315.61 331.55 313.63 298.90
2019.5722 1255.02 1252.30 310.64 334.65 310.75 296.27
2019.5749 1255.81 1238.87 308.38 333.21 304.43 292.86
2019.5777 1246.47 1235.74 303.22 340.01 301.68 290.84
2019.5804 1235.38 1221.43 301.36 332.65 298.42 289.00
2019.5832 1225.14 1204.97 296.15 325.61 297.79 285.41
2019.5914 1189.09 1158.06 286.71 308.57 287.33 275.45
2019.5941 1205.72 1174.11 290.40 314.41 289.64 279.66
2019.5969 1210.98 1173.81 291.30 317.67 284.21 280.63
2019.5996 1235.06 1205.44 297.72 324.67 295.06 288.00
2019.6023 1226.84 1188.13 293.60 322.00 288.55 283.98
2019.6105 1211.44 1182.23 289.92 321.18 290.32 280.80
2019.6133 1227.45 1208.98 296.33 334.78 291.68 286.20
2019.6160 1191.28 1168.86 286.36 324.82 279.37 278.31
2019.6188 1194.67 1166.96 288.49 323.20 276.25 279.02
2019.6215 1214.41 1186.31 291.17 330.82 282.82 281.49
2019.6297 1228.06 1207.43 294.99 336.99 288.97 286.48
2019.6324 1220.21 1191.58 292.60 337.01 279.26 282.71
2019.6352 1230.90 1199.77 296.20 340.66 278.16 284.76
2019.6379 1230.84 1195.19 293.13 340.37 277.34 284.35
2019.6407 1199.67 1156.25 284.19 324.64 272.21 275.20
2019.6489 1211.48 1173.05 287.32 330.81 275.52 279.41
2019.6516 1205.83 1164.24 286.17 327.08 271.83 279.16
2019.6543 1213.83 1168.28 286.57 329.27 272.52 279.92
2019.6571 1228.46 1187.35 290.16 334.85 277.20 285.14
2019.6598 1229.38 1181.31 288.52 334.41 274.37 284.00
2019.6708 1220.95 1169.76 290.72 329.54 270.20 279.29
2019.6735 1233.51 1182.30 292.47 335.13 272.29 282.40
2019.6762 1247.75 1204.14 298.99 341.69 273.90 289.57
2019.6790 1250.25 1198.52 297.82 341.65 271.02 288.03
2019.6872 1248.38 1203.40 297.47 343.11 274.92 287.90
2019.6899 1248.03 1200.15 295.71 347.17 268.99 288.28
2019.6927 1257.36 1215.23 296.11 358.20 269.25 291.67
2019.6954 1259.88 1221.69 299.45 357.40 269.80 295.04
2019.6982 1259.44 1220.26 298.76 350.45 274.74 296.30
2019.7064 1260.01 1215.14 293.65 352.29 274.87 294.33
2019.7091 1265.52 1222.32 296.04 353.57 278.90 293.82
2019.7118 1264.75 1219.02 295.21 356.89 272.32 294.60
2019.7146 1263.91 1213.65 295.87 353.99 267.69 296.10
2019.7173 1259.34 1187.13 291.42 348.82 252.89 294.00
2019.7255 1259.69 1183.74 289.99 350.40 248.37 294.98
2019.7283 1249.78 1160.75 282.89 348.74 237.79 291.33
2019.7310 1256.55 1186.58 287.23 354.10 247.28 297.97
2019.7337 1253.69 1177.56 282.60 352.28 245.94 296.74
2019.7365 1244.94 1169.39 280.26 350.56 245.72 292.85
2019.7447 1251.10 1182.13 281.96 358.81 249.96 291.39
2019.7474 1233.37 1181.59 281.92 359.81 251.79 288.07
2019.7502 1212.76 1160.67 278.28 350.79 250.35 281.26
2019.7529 1222.46 1168.26 280.10 353.77 250.46 283.94
2019.7556 1238.18 1190.04 282.57 363.68 254.79 289.00
2019.7639 1232.24 1190.23 281.43 363.76 256.35 288.68
2019.7666 1211.39 1173.63 277.03 359.50 252.86 284.25
2019.7693 1222.83 1180.70 279.70 363.71 249.88 287.40
2019.7721 1230.14 1198.93 279.42 368.62 261.97 288.92
2019.7748 1244.72 1214.54 281.31 378.42 264.26 290.54
2019.7830 1242.47 1217.56 282.05 377.88 266.69 290.95
2019.7858 1252.16 1226.69 287.07 377.00 265.50 297.13
2019.7885 1249.29 1228.85 288.71 375.47 267.39 297.28
2019.7912 1255.20 1240.80 290.34 376.93 273.99 299.53
2019.7940 1253.50 1219.07 285.47 378.74 257.14 297.72
2019.8022 1261.28 1232.94 290.04 385.31 259.70 297.88
2019.8049 1255.36 1217.41 286.81 384.43 249.09 297.08
2019.8077 1258.89 1230.17 286.23 389.59 253.37 300.98
2019.8104 1263.39 1234.49 289.25 390.23 253.59 301.43
2019.8131 1267.10 1242.10 286.09 395.03 258.56 302.42
2019.8214 1271.01 1259.27 288.65 398.99 263.26 308.36
2019.8241 1273.82 1240.55 286.32 389.76 262.66 301.82
2019.8268 1272.89 1252.56 289.12 389.72 272.22 301.50
2019.8296 1266.53 1256.77 288.58 398.53 268.45 301.22
2019.8323 1280.03 1273.18 290.98 409.84 267.89 304.47
2019.8405 1283.68 1287.89 293.13 412.53 273.54 308.69
2019.8433 1282.07 1282.46 292.65 411.94 269.03 308.85
2019.8460 1282.79 1282.14 291.69 412.11 269.55 308.79
2019.8487 1285.73 1290.66 290.46 416.87 270.46 312.87
2019.8515 1289.90 1293.89 290.08 418.01 272.33 313.47
2019.8597 1288.76 1294.42 287.77 421.32 274.77 310.56
2019.8624 1290.89 1292.94 288.80 420.93 272.74 310.47
2019.8652 1291.70 1284.43 284.76 424.97 264.43 310.27
2019.8679 1295.24 1291.03 285.00 422.03 270.51 313.49
2019.8706 1305.04 1304.24 282.54 427.04 275.56 319.09
2019.8789 1305.34 1312.16 284.66 429.19 282.61 315.70
2019.8816 1307.11 1309.68 284.70 427.89 282.63 314.45
2019.8843 1304.00 1302.94 283.53 422.91 285.03 311.48
2019.8871 1298.95 1304.98 281.77 421.01 291.12 311.07
2019.8898 1302.33 1303.83 283.56 420.65 289.99 309.64
2019.8980 1314.41 1323.23 288.12 428.02 294.73 312.35
2019.9008 1318.48 1322.42 291.88 424.68 291.87 313.99
2019.9035 1324.29 1334.70 295.38 430.38 295.09 313.86
2019.9090 1317.07 1327.77 292.50 429.43 293.90 311.94
2019.9172 1305.56 1311.73 289.38 424.47 289.54 308.34
2019.9199 1298.18 1299.98 287.49 416.90 285.96 309.62
2019.9227 1306.76 1306.47 285.99 420.58 284.24 315.66
2019.9254 1308.64 1309.81 282.71 426.75 282.88 317.48
2019.9281 1318.59 1327.04 284.51 434.99 287.07 320.46
2019.9363 1314.59 1316.78 284.17 428.90 282.54 321.16
2019.9391 1313.25 1309.12 282.50 431.41 273.78 321.43
2019.9418 1317.03 1319.86 284.04 435.09 279.21 321.51
2019.9446 1326.91 1323.65 285.93 436.20 278.75 322.77
2019.9473 1325.76 1329.15 286.03 442.13 278.81 322.19
2019.9555 1335.08 1346.58 287.37 449.70 284.14 325.37
2019.9582 1335.49 1360.03 290.86 450.58 294.66 323.93
2019.9610 1336.02 1362.25 289.78 449.50 299.63 323.33
2019.9637 1342.08 1375.52 291.12 449.95 310.30 324.15
2019.9665 1350.99 1376.48 290.18 449.02 314.67 322.61
2019.9747 1350.76 1381.13 291.24 456.35 311.12 322.43
2019.9774 1351.61 1379.78 290.62 456.78 311.22 321.16
2019.9829 1355.34 1405.26 303.54 465.85 310.68 325.19
2019.9856 1354.50 1399.91 303.71 465.67 307.38 323.16
2019.9938 1348.38 1389.79 299.99 468.43 301.98 319.39
2019.9966 1352.92 1393.82 300.14 471.86 302.22 319.60
2020.0027 1360.63 1425.82 308.29 482.62 308.05 326.86
2020.0055 1353.95 1412.13 304.55 477.93 304.40 325.25
2020.0137 1355.05 1437.77 309.08 481.74 313.67 333.27
2020.0164 1354.27 1431.19 309.73 479.47 308.93 333.06
2020.0192 1359.01 1447.06 307.31 487.19 316.88 335.69
2020.0219 1366.96 1459.23 308.79 497.53 313.51 339.40
2020.0246 1363.96 1453.64 305.88 498.66 307.34 341.76
2020.0329 1375.41 1477.11 307.20 509.31 316.56 344.03
2020.0356 1375.56 1464.47 303.65 502.43 316.34 342.04
2020.0383 1378.34 1463.45 302.45 500.28 316.70 344.03
2020.0411 1391.76 1474.87 305.03 506.55 316.28 347.01
2020.0438 1395.42 1486.17 302.89 512.16 317.26 353.87
2020.0548 1391.07 1486.63 307.32 508.69 315.80 354.83
2020.0575 1392.05 1476.77 306.58 510.50 304.49 355.20
2020.0602 1396.45 1500.97 306.11 512.96 326.53 355.37
2020.0630 1383.42 1494.33 302.39 511.48 329.86 350.60
2020.0712 1362.34 1456.43 296.98 496.44 320.26 342.76
2020.0739 1376.35 1484.25 301.02 510.49 325.52 347.22
2020.0767 1373.08 1492.15 301.79 521.17 320.52 348.67
2020.0794 1377.26 1497.07 303.85 520.42 324.80 348.00
2020.0821 1351.54 1488.78 326.28 497.34 322.32 342.84
2020.0903 1362.75 1511.09 325.54 495.98 334.38 355.20
2020.0931 1384.63 1535.85 332.93 512.35 344.66 345.91
2020.0958 1397.04 1539.33 331.33 516.53 345.28 346.18
2020.0986 1397.54 1551.20 333.02 522.57 342.74 352.88
2020.1013 1388.04 1549.37 337.74 515.47 342.57 353.60
2020.1095 1398.10 1571.75 346.61 517.91 346.59 360.63
2020.1123 1407.33 1573.84 349.35 514.79 349.03 360.66
2020.1150 1417.18 1595.73 350.85 527.01 354.94 362.93
2020.1177 1418.55 1590.76 349.20 523.26 356.24 362.06
2020.1205 1421.91 1588.98 346.77 523.39 355.30 363.52
2020.1314 1417.93 1589.41 350.14 513.81 362.19 363.26
2020.1342 1431.18 1599.41 352.51 521.25 360.71 364.94
2020.1369 1429.95 1589.06 349.73 515.90 360.53 362.90
2020.1396 1416.14 1554.66 340.45 504.22 354.99 355.00
2020.1478 1373.49 1490.83 326.37 480.27 344.37 339.82
2020.1506 1328.18 1452.66 320.43 464.00 336.33 331.90
2020.1533 1318.23 1480.15 321.54 471.37 354.22 333.03
2020.1561 1266.25 1408.88 306.07 440.55 347.18 315.08
2020.1588 1250.74 1411.11 305.98 440.30 344.68 320.15
2020.1670 1301.80 1486.63 317.38 481.29 355.91 332.05
2020.1697 1272.44 1441.16 310.08 466.00 344.44 320.65
2020.1725 1323.99 1498.45 320.93 487.62 358.47 331.43
2020.1752 1281.64 1447.81 312.52 471.80 348.18 315.30
2020.1780 1254.93 1429.33 308.79 465.53 344.63 310.37
2020.1862 1149.05 1335.38 292.47 428.71 323.63 290.57
2020.1889 1201.78 1413.05 307.29 459.59 340.10 306.06
2020.1916 1137.36 1356.75 295.76 443.63 326.83 290.53
2020.1944 1023.37 1233.11 272.33 399.82 294.45 266.51
2020.1971 1103.13 1343.33 289.94 447.72 314.11 291.56
2020.2053 964.69 1202.81 274.37 390.12 279.12 259.20
2020.2081 1018.09 1267.25 293.65 407.28 298.65 267.68
2020.2108 946.40 1251.39 297.25 397.31 294.66 262.18
2020.2136 957.01 1276.50 305.52 394.26 310.12 266.60
2020.2163 915.99 1236.29 299.86 369.23 310.87 256.33
2020.2245 886.93 1259.54 309.08 361.39 336.50 252.57
2020.2272 982.49 1317.70 315.13 397.64 333.74 271.18
2020.2300 1008.07 1285.11 306.32 395.45 319.80 263.54
2020.2327 1069.43 1350.64 317.63 416.26 339.04 277.70
2020.2355 1034.89 1306.72 308.63 399.03 333.56 265.50
2020.2437 1063.76 1350.04 319.00 410.42 346.48 274.14
2020.2464 1044.93 1354.95 316.69 409.58 350.72 277.96
2020.2491 992.84 1302.24 309.87 388.03 340.06 264.29
2020.2519 1008.02 1319.77 311.67 394.50 345.66 267.93
2020.2546 990.38 1298.85 309.69 388.83 337.89 262.44
2020.2628 1068.40 1385.83 324.47 422.75 354.89 283.72
2020.2656 1072.50 1375.94 326.74 417.86 347.72 283.62
2020.2683 1117.95 1396.34 331.84 428.55 346.63 289.31
2020.2710 1142.23 1399.30 331.80 431.65 346.26 289.59
2020.2820 1120.18 1454.00 352.29 440.12 370.54 291.05
2020.2847 1153.06 1522.88 370.88 462.35 386.26 303.40
2020.2875 1120.25 1533.33 374.84 458.13 398.59 301.78
2020.2902 1122.86 1565.14 391.16 461.77 410.19 302.02
2020.2930 1162.70 1543.07 385.77 455.50 395.05 306.75
2020.3012 1140.54 1546.23 388.79 446.05 408.62 302.77
2020.3039 1103.81 1506.37 378.16 432.26 405.21 290.75
2020.3066 1129.15 1524.18 383.90 444.71 393.62 301.96
2020.3094 1129.17 1536.36 389.74 442.99 398.55 305.09
2020.3121 1144.58 1550.02 391.49 455.77 396.95 305.81
2020.3203 1171.78 1540.59 385.93 456.10 393.58 304.99
2020.3231 1178.95 1496.66 375.87 448.70 377.19 294.90
2020.3258 1213.36 1554.22 385.40 463.44 384.71 320.67
2020.3285 1187.62 1589.60 401.85 473.22 392.15 322.38
2020.3313 1151.51 1540.47 371.32 465.60 387.87 315.68
2020.3395 1155.78 1565.43 376.18 472.19 399.90 317.16
2020.3422 1168.37 1575.38 376.48 479.27 396.66 322.97
2020.3450 1162.06 1593.80 381.91 484.22 405.61 322.06
2020.3477 1181.24 1609.62 384.57 489.23 407.73 328.10
2020.3504 1209.16 1626.08 386.52 500.87 406.81 331.88
2020.3587 1206.89 1646.94 391.29 508.75 411.45 335.44
2020.3614 1177.93 1617.96 382.84 502.94 403.33 328.86
2020.3641 1151.01 1613.38 384.62 496.87 409.35 322.54
2020.3669 1165.11 1624.90 388.02 499.92 412.79 324.17
2020.3696 1170.33 1640.85 391.42 496.96 424.22 328.25
2020.3778 1222.34 1656.30 394.10 508.67 422.72 330.82
2020.3806 1209.77 1653.18 397.84 505.73 421.28 328.32
2020.3833 1228.38 1675.70 405.74 515.57 418.13 336.26
2020.3860 1218.09 1651.94 397.42 511.73 407.47 335.33
2020.3888 1221.10 1648.98 395.82 515.02 400.99 337.15
2020.3997 1244.63 1631.04 393.38 511.53 387.40 338.72
2020.4025 1266.71 1636.38 391.52 513.76 392.19 338.92
2020.4052 1262.99 1628.81 390.01 513.99 386.16 338.66
2020.4079 1271.77 1643.80 396.71 513.49 392.04 341.57
2020.4162 1281.87 1661.25 401.37 519.80 397.82 342.26
2020.4189 1293.38 1666.95 401.59 522.21 399.12 344.03
2020.4216 1315.67 1665.13 402.57 525.08 394.13 343.35
2020.4244 1312.05 1644.79 399.67 520.56 386.99 337.57
2020.4271 1348.33 1674.45 403.31 535.39 391.92 343.83
2020.4353 1366.62 1686.14 409.98 538.55 391.81 345.80
2020.4381 1343.10 1731.51 422.46 555.56 405.41 348.08
2020.4408 1326.95 1756.08 430.02 569.85 405.81 350.40
2020.4435 1245.62 1691.04 415.49 542.49 397.48 335.57
2020.4463 1265.30 1688.85 413.39 547.18 390.49 337.81
2020.4545 1282.92 1708.65 417.88 553.94 397.43 339.40
2020.4572 1305.49 1745.64 424.80 568.62 407.35 344.87
2020.4600 1294.13 1761.91 428.97 567.83 418.23 346.88
2020.4627 1295.82 1762.58 431.08 568.06 420.19 343.25
2020.4654 1288.69 1765.33 434.50 564.81 423.78 342.24
2020.4736 1292.32 1804.60 440.80 579.59 437.16 347.05
2020.4764 1293.15 1826.53 449.02 591.96 435.50 350.05
2020.4791 1256.17 1795.60 444.15 581.51 427.64 342.30
2020.4819 1268.80 1816.36 447.42 589.23 435.17 344.54
2020.4846 1243.73 1747.74 437.40 571.13 414.14 325.07
2020.4928 1264.81 1770.85 435.37 584.29 417.73 333.45
2020.4956 1285.48 1800.21 448.11 589.17 425.02 337.91
2020.4983 1286.52 1852.98 467.59 588.05 453.60 343.75
2020.5010 1293.33 1853.07 469.47 588.05 445.43 350.12
2020.5120 1308.92 1919.10 496.55 603.78 461.23 357.53
2020.5147 1293.60 1904.86 487.31 601.91 460.62 355.02
2020.5175 1302.29 1943.60 500.46 615.93 469.61 357.60
2020.5202 1292.36 1970.97 516.95 618.58 474.26 361.19
2020.5229 1305.12 2020.50 519.77 619.66 512.53 368.54
2020.5311 1293.23 1973.08 504.18 616.80 490.83 361.27
2020.5339 1317.02 1981.67 500.93 627.01 490.25 363.48
2020.5366 1340.54 1970.60 488.73 631.32 488.74 361.82
2020.5394 1337.83 1966.28 487.27 623.55 492.59 362.86
2020.5421 1348.96 1926.14 481.11 622.29 460.46 362.28
2020.5503 1350.58 1998.20 519.26 635.41 469.26 374.27
2020.5530 1355.75 1966.67 509.75 626.64 457.76 372.52
2020.5558 1367.06 1964.35 503.52 628.40 457.50 374.93
2020.5585 1359.20 1893.27 485.10 599.79 446.07 362.31
2020.5613 1347.96 1897.19 488.74 598.31 448.75 361.40
2020.5695 1361.00 1937.47 496.26 612.49 462.95 365.78
2020.5722 1348.09 1904.69 487.34 602.43 456.28 358.64
2020.5749 1372.23 1923.05 492.73 613.97 452.51 363.82
2020.5777 1366.52 1936.94 495.72 621.40 453.75 366.08
2020.5804 1367.44 2011.60 514.04 686.46 456.62 354.49
2020.5886 1376.87 2027.39 505.46 703.75 465.72 352.45
2020.5914 1385.36 2044.49 509.84 708.45 476.01 350.19
2020.5941 1397.66 2052.85 520.59 711.02 468.98 352.25
2020.5969 1395.81 2093.74 523.83 735.83 475.49 358.58
2020.5996 1404.93 2052.92 514.49 719.10 462.09 357.24
2020.6078 1409.76 2050.02 511.35 729.55 451.49 357.63
2020.6105 1399.77 1998.22 500.39 707.85 436.12 353.86
2020.6133 1417.27 2049.26 513.64 731.38 444.10 360.14
2020.6160 1417.15 2070.31 513.44 744.32 449.57 362.97
2020.6188 1416.64 2066.23 511.33 743.66 450.83 360.41
2020.6270 1423.64 2072.02 516.92 741.72 450.52 362.86
2020.6297 1420.06 2117.93 538.05 747.90 459.42 372.57
2020.6324 1414.63 2100.92 529.60 748.84 452.56 369.92
2020.6352 1409.99 2144.19 535.59 765.45 465.05 378.10
2020.6379 1410.18 2176.04 533.54 804.90 459.83 377.78
2020.6461 1423.44 2187.96 537.23 814.53 456.56 379.64
2020.6489 1426.93 2194.05 543.57 807.84 458.21 384.43
2020.6516 1430.94 2284.28 559.06 818.83 511.40 394.98
2020.6543 1432.92 2243.52 552.26 809.04 491.55 390.67
2020.6571 1443.52 2242.69 552.55 807.73 489.32 393.08
2020.6653 1439.51 2280.91 560.54 835.12 494.62 390.63
2020.6680 1448.07 2353.55 568.36 868.39 519.83 396.98
2020.6708 1471.47 2353.50 573.61 850.40 516.36 413.13
2020.6735 1422.08 2212.90 547.06 782.31 491.06 392.47
2020.6762 1411.72 2180.30 535.14 782.83 482.00 380.32
2020.6872 1377.57 2081.65 511.63 730.15 473.57 366.30
2020.6899 1403.53 2129.55 530.92 759.27 467.19 372.18
2020.6927 1383.79 2065.39 515.73 734.49 448.96 366.21
2020.6954 1387.47 2044.75 506.17 724.84 450.23 363.51
2020.7036 1413.55 2058.61 504.01 746.59 444.84 363.17
2020.7064 1422.17 2092.13 512.65 747.75 463.26 368.47
2020.7091 1424.12 2041.15 499.97 725.68 451.94 363.56
2020.7118 1413.04 1999.47 488.71 714.10 439.18 357.49
2020.7146 1401.32 1959.36 479.96 691.45 438.95 349.00
2020.7228 1378.21 1990.58 480.87 712.42 455.20 342.10
2020.7255 1388.35 2040.92 508.24 723.61 458.76 350.30
2020.7283 1357.41 1958.38 487.27 693.26 439.56 338.29
2020.7310 1359.08 1974.17 490.50 700.38 441.87 341.42
2020.7337 1381.98 2025.82 502.74 726.65 451.02 345.40
2020.7420 1408.28 2067.91 515.56 744.00 458.28 350.08
2020.7447 1403.59 2061.34 510.82 738.37 460.92 351.23
2020.7474 1413.13 2079.28 511.45 749.50 467.04 351.29
2020.7502 1424.59 2127.97 523.23 755.84 492.71 356.19
2020.7529 1422.69 2057.52 507.59 731.44 469.87 348.62
2020.7611 1451.68 2115.13 519.64 753.97 486.30 355.22
2020.7639 1438.17 2055.80 503.52 732.35 472.49 347.43
2020.7666 1466.76 2112.30 519.07 744.78 499.38 349.07
2020.7693 1481.20 2114.20 518.24 744.06 496.70 355.20
2020.7721 1490.28 2156.90 533.85 757.01 503.85 362.20
2020.7803 1501.04 2243.61 559.23 805.09 504.19 375.09
2020.7830 1494.60 2236.31 559.35 783.74 517.53 375.69
2020.7858 1490.83 2211.24 546.37 784.32 505.73 374.83
2020.7885 1495.23 2202.38 542.30 781.21 506.18 372.69
2020.7912 1494.90 2173.64 531.58 770.27 495.77 376.01
2020.7995 1477.17 2134.08 520.95 750.60 495.70 366.83
2020.8022 1484.03 2145.72 522.54 760.50 490.75 371.93
2020.8049 1471.42 2111.34 517.33 756.36 456.78 380.86
2020.8077 1483.02 2104.40 515.94 749.11 453.21 386.13
2020.8104 1491.18 2113.33 520.49 744.52 456.06 392.26
2020.8186 1462.61 2101.71 520.92 744.58 456.03 380.18
2020.8214 1447.71 2128.56 533.80 754.61 456.67 383.48
2020.8241 1407.10 2050.08 513.73 719.66 454.16 362.53
2020.8268 1420.26 2113.47 521.56 746.33 470.94 374.63
2020.8296 1407.51 2029.52 493.16 704.52 444.35 387.49
2020.8378 1436.23 2032.82 488.02 703.94 452.18 388.69
2020.8405 1466.46 2059.44 495.15 714.75 455.07 394.47
2020.8433 1482.96 2152.67 526.46 743.93 464.16 418.11
2020.8460 1519.32 2211.31 539.59 770.34 479.86 421.52
2020.8487 1520.97 2209.22 537.86 769.46 480.77 421.13
2020.8569 1541.75 2125.62 510.64 754.10 439.46 421.43
2020.8597 1541.26 2109.38 492.98 751.83 448.55 416.02
2020.8624 1554.74 2161.60 509.60 774.65 458.38 418.97
2020.8652 1535.29 2150.97 505.20 772.83 454.65 418.28
2020.8679 1560.64 2157.13 508.21 773.16 450.98 424.78
2020.8761 1585.01 2161.79 508.58 779.90 447.49 425.82
2020.8789 1581.57 2155.38 509.32 774.00 448.92 423.14
2020.8816 1566.16 2137.16 504.42 765.18 450.00 417.55
2020.8843 1577.69 2149.77 506.30 769.14 452.69 421.65
2020.8871 1571.23 2136.62 503.43 760.71 456.03 416.45
2020.8953 1588.87 2101.23 503.27 738.09 445.17 414.70
2020.8980 1608.98 2126.96 506.46 746.64 451.02 422.83
2020.9008 1607.02 2146.01 517.35 752.22 453.00 423.44
2020.9062 1615.24 2162.45 519.02 755.85 458.94 428.64
2020.9144 1607.24 2165.59 514.58 771.80 458.32 420.89
2020.9172 1616.62 2219.73 523.04 795.59 471.29 429.82
2020.9199 1613.71 2225.39 520.35 797.92 470.17 436.95
2020.9227 1620.48 2216.00 517.62 797.02 464.69 436.67
2020.9254 1641.51 2208.63 513.70 792.54 465.43 436.96
2020.9336 1639.41 2231.90 512.95 802.27 481.75 434.93
2020.9363 1648.20 2235.98 516.09 806.35 478.84 434.71
2020.9391 1631.04 2181.22 504.21 789.50 461.03 426.48
2020.9418 1632.73 2195.14 503.77 798.96 468.03 424.37
2020.9446 1630.97 2195.71 506.20 793.58 470.02 425.91
2020.9528 1627.73 2210.96 512.78 789.50 487.95 420.72
2020.9555 1655.66 2251.20 514.11 829.04 485.49 422.57
2020.9582 1653.42 2266.65 526.43 828.59 490.20 421.43
2020.9610 1669.09 2275.55 525.63 834.36 497.74 417.82
2020.9637 1668.83 2254.14 520.04 821.13 499.19 413.78
2020.9719 1661.93 2261.88 520.78 831.31 494.01 415.78
2020.9747 1662.41 2280.33 520.83 854.97 492.54 411.99
2020.9774 1667.36 2261.03 517.38 849.01 480.53 414.11
2020.9802 1672.37 2266.61 515.34 855.56 480.06 415.65
2020.9911 1669.54 2328.99 533.41 886.16 484.87 424.56
2020.9938 1659.91 2330.20 539.59 874.36 495.84 420.40
2020.9966 1670.99 2306.41 533.72 866.90 489.98 415.81
2020.9993 1682.69 2313.07 529.02 860.23 505.05 418.77
2021.0082 1657.71 2258.04 517.60 838.96 488.36 413.12
2021.0110 1674.77 2274.70 522.78 849.33 486.44 416.15
2021.0137 1713.13 2212.78 509.77 820.74 467.47 414.80
2021.0164 1740.26 2264.92 513.63 848.75 475.31 427.22
2021.0192 1744.46 2281.76 516.96 856.08 476.72 432.00
2021.0274 1738.02 2230.50 505.84 836.17 466.17 422.32
2021.0301 1749.58 2221.06 506.91 835.01 461.64 417.50
2021.0329 1743.72 2256.45 514.23 848.56 474.29 419.37
2021.0356 1748.15 2227.50 507.99 835.72 467.81 415.97
2021.0383 1730.24 2208.61 504.22 824.24 465.12 415.02
2021.0493 1746.39 2232.37 506.90 828.72 468.66 428.09
2021.0520 1759.80 2384.71 530.07 855.95 547.65 451.04
2021.0548 1759.38 2418.14 537.15 887.32 541.58 452.08
2021.0575 1752.25 2418.65 534.76 901.59 527.88 454.43
2021.0657 1749.05 2435.67 535.04 926.55 520.04 454.03
2021.0684 1730.97 2451.51 540.26 928.10 524.85 458.30
2021.0712 1682.80 2372.42 525.07 920.97 488.75 437.63
2021.0739 1709.42 2363.06 525.88 888.75 503.06 445.36
2021.0767 1678.33 2312.35 520.78 855.49 497.26 438.82
2021.0849 1705.23 2370.58 542.98 869.63 503.47 454.50
2021.0876 1733.11 2396.89 549.01 875.14 511.99 460.75
2021.0903 1732.47 2405.07 538.05 868.33 503.86 494.83
2021.0931 1753.78 2440.47 541.05 890.70 515.73 492.99
2021.0958 1763.34 2448.38 544.49 887.94 514.45 501.51
2021.1040 1784.85 2440.71 539.74 888.91 511.77 500.29
2021.1068 1785.27 2440.12 536.83 883.07 522.18 498.04
2021.1095 1786.66 2440.16 533.84 879.04 526.40 500.88
2021.1123 1794.86 2429.02 529.87 877.35 520.80 501.00
2021.1150 1807.84 2434.08 532.40 878.91 519.80 502.97
2021.1259 1798.35 2423.46 530.97 864.76 520.51 507.22
2021.1287 1793.12 2410.63 537.42 849.50 514.96 508.75
2021.1314 1779.12 2400.91 540.60 842.16 512.05 506.10
2021.1342 1793.98 2377.91 527.88 843.20 504.58 502.26
2021.1424 1769.47 2326.87 516.65 818.07 498.56 493.59
2021.1451 1771.55 2341.18 518.88 817.17 510.12 495.02
2021.1478 1797.61 2344.78 513.20 813.85 516.90 500.83
2021.1506 1748.28 2278.32 496.57 785.55 510.63 485.58
2021.1533 1749.67 2279.87 502.38 787.30 503.30 486.89
2021.1615 1794.30 2352.60 511.03 829.70 514.31 497.56
2021.1643 1773.01 2322.89 502.64 812.36 511.68 496.21
2021.1670 1744.12 2251.40 488.10 792.49 486.34 484.46
2021.1697 1708.02 2230.98 483.64 779.96 477.56 489.81
2021.1725 1740.94 2262.05 487.36 788.34 482.32 504.03
2021.1807 1732.14 2179.61 479.48 755.49 460.78 483.86
2021.1834 1759.06 2247.40 497.50 786.20 473.03 490.68
2021.1862 1773.75 2238.13 496.65 778.99 471.25 491.23
2021.1889 1800.82 2291.65 505.74 791.84 488.55 505.51
2021.1916 1807.03 2264.35 501.82 785.81 483.84 492.88
2021.1999 1830.44 2285.48 500.56 805.02 485.92 493.97
2021.2026 1814.73 2307.14 502.21 815.28 489.45 500.20
2021.2053 1819.78 2309.05 509.33 810.02 489.84 499.85
2021.2081 1788.59 2232.62 491.83 782.56 471.48 486.74
2021.2108 1792.76 2245.31 499.46 779.05 478.39 488.41
2021.2190 1802.84 2282.33 505.30 801.13 488.60 487.30
2021.2218 1775.87 2295.76 509.62 795.61 499.79 490.74
2021.2245 1763.82 2256.43 501.43 779.70 486.45 488.85
2021.2272 1781.28 2236.12 494.80 782.95 469.68 488.68
2021.2300 1817.93 2243.82 495.74 786.98 474.53 486.58
2021.2382 1800.84 2259.23 499.59 788.14 480.04 491.45
2021.2409 1807.27 2245.61 496.27 778.47 479.52 491.36
2021.2437 1818.16 2277.37 502.57 793.08 487.24 494.49
2021.2464 1840.49 2326.87 513.44 798.60 503.83 511.01
2021.2574 1854.39 2378.53 524.12 817.43 505.00 532.00
2021.2601 1859.71 2383.49 523.64 819.44 508.60 531.80
2021.2628 1848.88 2411.74 532.67 830.41 510.90 537.76
2021.2656 1858.49 2441.81 535.90 846.38 517.99 541.53
2021.2683 1869.61 2476.36 547.74 863.52 518.67 546.42
2021.2765 1872.94 2456.30 548.91 852.10 516.31 538.99
2021.2793 1876.14 2484.23 552.26 872.81 517.20 541.97
2021.2820 1875.42 2441.99 541.38 857.23 504.39 539.00
2021.2847 1891.21 2484.10 548.86 873.26 512.98 548.99
2021.2875 1902.12 2482.96 552.17 871.05 510.48 549.26
2021.2957 1885.49 2491.41 547.71 875.47 517.86 550.37
2021.2984 1873.53 2467.47 541.65 864.24 513.31 548.27
2021.3012 1901.09 2436.37 546.09 866.77 475.32 548.19
2021.3039 1893.44 2411.46 537.49 856.64 475.21 542.12
2021.3066 1919.09 2440.39 542.66 872.09 472.19 553.45
2021.3149 1926.53 2461.23 553.72 874.69 476.63 556.18
2021.3176 1928.21 2451.33 555.09 872.55 472.19 551.49
2021.3203 1914.74 2471.05 561.76 867.29 473.10 568.89
2021.3231 1923.41 2486.74 563.84 866.64 475.42 580.84
2021.3258 1905.23 2472.44 563.21 853.52 479.59 576.12
2021.3340 1910.80 2458.66 550.07 860.54 475.52 572.54
2021.3368 1898.17 2400.77 537.95 830.09 469.98 562.76
2021.3395 1900.17 2389.65 531.23 831.71 463.35 563.36
2021.3422 1903.42 2415.24 537.05 842.36 466.59 569.24
2021.3450 1924.78 2425.48 534.65 846.85 470.60 573.38
2021.3532 1907.04 2357.55 518.23 824.99 454.58 559.75
2021.3559 1890.46 2356.84 523.66 818.88 462.41 551.89
2021.3587 1841.45 2298.64 511.97 798.46 452.98 535.23
2021.3614 1864.44 2321.53 513.52 812.77 454.55 540.70
2021.3641 1897.46 2366.86 523.49 828.89 460.82 553.65
2021.3723 1892.05 2364.02 531.21 821.22 456.68 554.91
2021.3751 1877.50 2341.81 525.02 811.99 454.20 550.61
2021.3778 1873.49 2343.28 524.94 810.94 455.52 551.87
2021.3806 1898.16 2387.27 527.52 827.98 468.57 563.20
2021.3833 1898.86 2361.64 520.27 815.76 465.04 560.57
2021.3915 1913.41 2398.71 527.08 826.62 469.72 575.29
2021.3943 1907.49 2398.81 529.37 825.32 468.26 575.86
2021.3970 1917.41 2406.28 530.36 824.99 469.21 581.71
2021.3997 1926.70 2384.36 524.66 814.78 470.62 574.30
2021.4025 1930.35 2380.04 523.52 810.42 469.63 576.46
2021.4134 1931.82 2378.05 522.80 808.28 466.15 580.82
2021.4162 1932.14 2383.73 525.30 813.35 466.30 578.78
2021.4189 1923.93 2353.07 517.66 803.47 457.14 574.80
2021.4216 1939.43 2387.70 520.78 818.75 462.10 586.07
2021.4298 1937.91 2389.78 519.45 818.81 462.02 589.49
2021.4326 1942.10 2407.87 530.19 824.28 459.90 593.50
2021.4353 1933.31 2409.07 532.96 826.81 453.76 595.54
2021.4381 1941.98 2422.15 544.08 820.18 455.12 602.76
2021.4408 1951.29 2429.32 543.62 828.24 456.52 600.93
2021.4490 1946.60 2469.21 549.64 848.60 466.91 604.06
2021.4517 1942.58 2454.64 549.52 843.14 459.44 602.54
2021.4545 1933.45 2462.04 554.74 846.45 459.92 600.93
2021.4572 1928.78 2493.49 566.76 857.12 465.46 604.15
2021.4600 1902.41 2482.89 566.38 848.47 467.73 600.31
2021.4682 1935.18 2490.23 561.02 860.44 464.21 604.56
2021.4709 1944.42 2523.16 569.39 871.36 475.25 607.16
2021.4736 1944.28 2522.16 569.12 869.54 478.91 604.59
2021.4764 1958.52 2520.28 560.23 867.66 483.88 608.51
2021.4791 1971.50 2517.63 552.50 865.71 492.29 607.14
2021.4873 1977.01 2540.12 559.39 876.57 497.86 606.30
2021.4901 1978.17 2547.50 560.08 886.65 498.30 602.47
2021.4928 1978.61 2542.00 558.78 890.74 493.36 599.11
2021.4956 1988.63 2552.86 557.62 892.76 498.34 604.14
2021.4983 1996.94 2594.67 570.29 910.26 498.75 615.38
2021.5092 1987.46 2647.01 597.05 923.65 505.90 620.41
2021.5120 1989.38 2663.14 600.43 940.24 500.60 621.87
2021.5147 1970.86 2650.99 606.09 931.59 495.74 617.57
2021.5175 2000.24 2667.97 604.13 943.75 500.62 619.47
2021.5257 2008.87 2669.84 604.00 939.78 501.86 624.20
2021.5284 1991.75 2675.77 597.31 947.20 505.01 626.26
2021.5311 1984.30 2711.29 598.01 970.02 511.80 631.46
2021.5339 1979.09 2690.17 589.81 965.67 507.13 627.56
2021.5366 1968.92 2658.19 580.46 952.07 495.32 630.33
2021.5448 1944.72 2618.11 576.56 926.45 497.16 617.94
2021.5476 1981.28 2653.69 580.39 950.51 496.01 626.77
2021.5503 2004.62 2641.66 582.34 945.64 479.74 633.94
2021.5530 2003.19 2661.09 590.92 954.74 478.00 637.42
2021.5558 2024.37 2700.41 593.95 966.19 481.40 658.87
2021.5640 2023.69 2719.97 600.96 968.98 482.41 667.61
2021.5667 2016.39 2682.25 589.03 954.55 484.67 654.00
2021.5695 2025.17 2669.62 589.67 942.90 485.04 652.01
2021.5722 2041.65 2665.02 584.73 947.20 480.32 652.77
2021.5749 2045.14 2619.01 540.50 948.63 483.42 646.46
2021.5832 2040.11 2618.85 541.13 946.42 481.16 650.14
2021.5859 2064.82 2633.80 546.78 958.38 477.12 651.53
2021.5886 2059.49 2634.16 544.91 955.72 483.22 650.33
2021.5914 2063.70 2649.73 548.36 956.43 490.26 654.68
2021.5941 2067.08 2636.54 543.32 951.87 486.20 655.14
2021.6023 2076.15 2639.79 542.82 951.55 485.66 659.76
2021.6051 2074.98 2629.75 539.38 948.36 481.81 660.21
2021.6078 2075.84 2621.64 534.74 950.05 478.59 658.27
2021.6105 2077.35 2645.01 536.59 969.78 477.02 661.61
2021.6133 2075.41 2649.76 535.04 971.15 481.88 661.69
2021.6215 2072.19 2668.04 535.85 984.31 483.75 664.13
2021.6242 2057.02 2645.92 526.59 978.25 484.67 656.41
2021.6270 2037.84 2613.63 519.97 953.31 487.44 652.91
2021.6297 2034.95 2635.70 517.78 955.52 507.84 654.56
2021.6324 2052.61 2657.63 519.77 965.23 510.80 661.84
2021.6407 2073.99 2696.99 530.47 975.13 516.82 674.57
2021.6434 2080.58 2709.17 536.96 974.54 516.90 680.78
2021.6461 2091.60 2697.08 535.88 966.33 511.45 683.42
2021.6489 2080.18 2692.89 538.62 960.99 513.82 679.46
2021.6516 2100.37 2725.08 544.08 967.90 522.04 691.07
2021.6598 2102.43 2777.38 555.76 997.34 528.82 695.46
2021.6626 2099.02 2779.75 563.76 988.93 531.64 695.42
2021.6653 2103.31 2799.36 565.09 993.36 543.67 697.24
2021.6680 2117.45 2802.50 562.51 1000.79 549.72 689.48
2021.6708 2115.97 2813.67 564.94 1005.02 551.57 692.14
2021.6817 2100.35 2852.98 570.01 1020.59 566.68 695.70
2021.6845 2095.10 2841.67 572.64 1010.30 566.06 692.66
2021.6872 2093.38 2820.37 565.93 1003.52 558.11 692.80
2021.6899 2080.98 2771.51 563.49 970.31 559.22 678.50
2021.6982 2079.09 2771.92 561.55 974.08 550.41 685.88
2021.7009 2068.22 2750.39 560.38 964.77 539.64 685.60
2021.7036 2085.23 2773.88 564.57 970.70 544.41 694.20
2021.7064 2084.64 2773.75 566.59 969.13 547.80 690.22
2021.7091 2067.73 2740.54 562.42 951.35 550.47 676.31
2021.7173 2031.39 2678.17 545.07 931.03 537.46 664.61
2021.7201 2031.28 2680.27 543.10 934.22 535.32 667.62
2021.7228 2055.67 2724.48 549.02 949.98 551.68 673.80
2021.7255 2082.92 2743.39 554.86 956.37 554.12 678.04
2021.7283 2078.37 2748.56 556.41 956.95 553.30 681.90
2021.7365 2072.63 2730.09 553.20 946.86 553.54 676.49
2021.7392 2030.30 2659.33 538.61 924.32 545.33 651.07
2021.7420 2029.70 2669.16 536.20 930.31 559.53 643.12
2021.7447 2004.86 2662.42 533.59 921.65 570.07 637.12
2021.7474 2020.63 2687.53 533.30 929.14 572.69 652.40
2021.7556 1995.05 2627.44 518.11 906.28 563.54 639.50
2021.7584 2014.38 2686.26 523.19 919.11 592.93 651.04
2021.7611 2016.52 2708.35 529.85 924.91 596.93 656.66
2021.7639 2037.99 2725.30 536.41 933.31 590.16 665.42
2021.7666 2028.30 2725.44 534.17 930.77 590.92 669.58
2021.7748 2020.25 2706.95 527.29 930.18 585.67 663.80
2021.7775 2027.39 2686.48 527.46 921.72 583.71 653.60
2021.7803 2037.04 2698.75 533.46 917.81 588.21 659.27
2021.7830 2073.44 2740.41 535.99 936.37 591.98 676.06
2021.7858 2080.02 2761.29 553.73 943.41 586.84 677.32
2021.7940 2091.22 2793.74 559.85 954.54 595.88 683.47
2021.7967 2105.82 2812.79 559.43 968.94 596.84 687.58
2021.7995 2115.11 2791.65 554.71 972.19 583.89 680.86
2021.8022 2125.91 2824.24 557.95 973.63 610.06 682.61
2021.8049 2130.63 2793.93 541.79 968.48 620.92 662.74
2021.8131 2144.55 2798.27 539.33 968.16 627.34 663.45
2021.8159 2138.43 2813.11 548.37 972.59 624.41 667.74
2021.8186 2132.49 2839.79 551.04 969.52 619.18 700.04
2021.8214 2162.56 2881.77 559.82 993.75 629.58 698.61
2021.8241 2168.05 2877.11 547.78 975.71 644.76 708.85
2021.8323 2183.23 2832.78 538.96 970.24 636.23 687.35
2021.8350 2189.80 2845.58 538.09 977.14 633.00 697.34
2021.8378 2198.37 2881.03 549.66 986.72 642.88 701.77
2021.8405 2200.06 2883.16 564.77 983.27 624.30 710.82
2021.8433 2200.81 2874.98 571.59 986.79 603.12 713.49
2021.8515 2207.86 2870.51 566.71 981.31 608.47 714.02
2021.8542 2202.18 2890.84 580.88 983.72 612.71 713.53
2021.8569 2179.12 2835.68 565.59 964.87 604.23 700.99
2021.8597 2195.07 2844.35 564.04 964.55 614.19 701.57
2021.8624 2208.68 2903.96 572.59 978.38 637.57 715.43
2021.8706 2206.92 2903.07 575.92 978.44 634.51 714.19
2021.8734 2221.51 2914.83 575.11 984.96 642.05 712.70
2021.8761 2213.38 2936.36 576.46 1001.21 646.05 712.64
2021.8789 2212.14 2987.66 600.35 1029.78 637.02 720.51
2021.8816 2213.52 2995.35 597.18 1047.26 634.01 716.89
2021.8898 2208.65 2949.47 580.29 1050.32 615.71 703.15
2021.8925 2205.00 2946.89 581.50 1052.87 610.91 701.62
2021.8953 2212.75 2954.17 581.56 1056.32 614.86 701.43
2021.9008 2167.86 2896.55 569.24 1022.86 621.72 682.73
2021.9090 2201.26 2942.32 578.50 1045.24 620.04 698.54
2021.9117 2146.38 2928.48 569.65 1078.24 599.55 681.03
2021.9144 2108.46 2888.20 559.36 1074.78 577.01 677.05
2021.9172 2148.10 2889.69 558.33 1068.20 575.80 687.37
2021.9199 2122.74 2850.04 550.60 1055.67 562.40 681.36
2021.9281 2133.84 2894.81 556.71 1078.37 572.27 687.46
2021.9309 2183.41 2980.92 572.29 1116.60 584.30 707.73
2021.9336 2193.26 3011.94 572.26 1142.04 586.64 711.00
2021.9363 2166.42 2983.21 565.81 1138.64 570.69 708.07
2021.9391 2177.58 3012.08 559.45 1170.54 571.30 710.79
2021.9473 2160.67 2963.23 550.86 1146.34 564.67 701.36
2021.9500 2140.32 2938.06 549.31 1137.14 558.54 693.08
2021.9528 2172.20 3002.25 563.03 1169.56 565.12 704.54
2021.9555 2151.65 2916.74 548.59 1123.64 552.06 692.44
2021.9582 2136.05 2899.38 552.32 1116.34 548.02 682.71
2021.9665 2101.42 2885.40 542.77 1107.27 554.57 680.79
2021.9692 2146.29 2936.51 553.61 1128.40 565.01 689.49
2021.9719 2164.09 2977.56 555.63 1145.69 573.71 702.53
2021.9747 2179.16 2982.63 555.73 1149.86 573.57 703.46
2021.9856 2211.03 3008.00 551.19 1176.28 572.67 707.86
2021.9884 2207.29 2994.46 554.41 1169.50 570.42 700.14
2021.9911 2214.05 2990.41 549.66 1170.08 570.26 700.41
2021.9938 2209.02 2979.96 547.86 1162.39 571.70 698.01
2021.9966 2208.66 2954.25 541.59 1158.28 562.69 691.68
2022.0055 2203.27 2992.34 553.57 1187.24 557.96 693.57
2022.0082 2205.88 2958.95 544.21 1172.17 552.15 690.43
2022.0110 2149.25 2863.09 533.93 1140.99 530.08 658.09
2022.0137 2151.03 2826.68 530.35 1121.95 516.78 657.60
2022.0164 2130.36 2811.48 528.07 1123.05 505.36 654.99
2022.0246 2126.26 2814.51 524.60 1123.18 504.23 662.49
2022.0274 2145.40 2853.78 537.19 1142.04 505.16 669.40
2022.0301 2151.03 2860.63 536.69 1144.97 501.77 677.19
2022.0329 2123.59 2797.00 523.72 1123.18 484.94 665.16
2022.0356 2117.86 2814.94 526.72 1128.92 491.01 668.29
2022.0465 2073.72 2752.53 516.26 1107.59 477.10 651.58
2022.0493 2048.59 2722.41 507.75 1084.31 481.82 648.53
2022.0520 2022.10 2678.78 492.71 1073.09 474.72 638.27
2022.0548 1985.86 2516.00 463.39 1059.39 371.27 621.94
2022.0630 2002.52 2508.69 469.56 1054.24 361.61 623.28
2022.0657 1968.94 2445.13 454.76 1042.23 342.24 605.90
2022.0684 1956.58 2446.63 451.14 1041.65 335.97 617.87
2022.0712 1936.62 2470.69 453.62 1038.58 361.19 617.30
2022.0739 1978.49 2575.01 467.73 1111.05 359.00 637.23
2022.0821 2028.15 2673.69 485.90 1140.08 398.96 648.75
2022.0849 2044.19 2716.27 491.17 1138.97 426.97 659.17
2022.0876 2059.35 2745.15 489.28 1146.99 401.14 707.73
2022.0903 2019.74 2639.69 451.05 1127.82 378.84 681.98
2022.0931 2022.44 2704.87 512.11 1125.92 383.11 683.73
2022.1013 2020.87 2674.03 513.07 1121.15 375.57 664.23
2022.1040 2040.48 2708.68 524.37 1141.86 376.91 665.55
2022.1068 2086.96 2736.87 523.64 1151.33 385.65 676.26
2022.1095 2046.84 2682.79 516.54 1124.16 379.46 662.63
2022.1123 2007.99 2606.16 497.99 1101.43 365.49 641.25
2022.1205 1991.76 2624.32 504.07 1103.00 370.40 646.84
2022.1232 2032.31 2669.77 508.44 1128.53 380.58 652.22
2022.1259 2037.75 2669.69 513.60 1126.97 371.81 657.30
2022.1287 1991.53 2599.10 502.40 1103.00 361.16 632.54
2022.1314 1978.45 2577.63 495.74 1092.68 365.47 623.74
2022.1424 1954.57 2532.27 487.93 1073.21 352.48 618.65
2022.1451 1915.76 2469.11 470.48 1045.46 343.22 609.96
2022.1478 1957.95 2553.18 491.70 1062.90 364.30 634.29
2022.1506 2010.65 2584.40 499.60 1076.68 365.02 643.11
2022.1588 2007.91 2590.68 498.86 1078.44 368.49 644.89
2022.1615 1976.72 2559.08 491.00 1065.90 360.76 641.43
2022.1643 2016.83 2580.98 493.96 1087.84 354.96 644.22
2022.1670 2005.14 2552.04 480.46 1085.69 343.79 642.10
2022.1697 1990.04 2508.34 473.13 1065.70 337.86 631.65
2022.1780 1927.36 2418.71 446.53 1040.43 327.15 604.60
2022.1807 1921.85 2397.84 441.86 1028.28 319.21 608.49
2022.1834 1971.71 2491.83 452.46 1064.27 335.12 639.99
2022.1862 1962.95 2479.84 476.95 1035.33 333.23 634.33
2022.1889 1935.47 2424.97 472.75 1010.58 317.87 623.78
2022.1971 1918.35 2359.65 460.82 983.74 309.17 605.92
2022.1999 1956.84 2432.61 478.73 1012.93 321.07 619.88
2022.2026 2007.86 2512.78 497.37 1042.32 333.94 639.15
2022.2053 2036.00 2550.25 510.80 1049.05 346.90 643.50
2022.2081 2062.02 2604.34 523.84 1070.99 355.49 654.02
2022.2163 2057.14 2607.11 524.62 1080.14 349.87 652.48
2022.2190 2077.03 2666.56 535.66 1102.61 357.66 670.64
2022.2218 2048.12 2654.47 530.85 1111.68 349.78 662.16
2022.2245 2078.52 2695.03 531.63 1136.89 350.92 675.58
2022.2272 2084.72 2702.19 535.28 1141.14 349.18 676.59
2022.2355 2096.17 2728.04 548.98 1146.89 353.54 678.63
2022.2382 2130.72 2769.68 550.03 1168.83 365.97 684.85
2022.2409 2110.92 2739.56 540.24 1161.06 356.30 681.95
2022.2437 2083.50 2687.44 529.51 1140.42 349.87 667.64
2022.2464 2092.38 2691.29 531.34 1138.46 348.83 672.66
2022.2546 2103.34 2764.72 546.89 1165.44 365.67 686.73
2022.2574 2074.18 2705.77 532.95 1143.36 355.07 674.39
2022.2601 2056.12 2637.85 515.73 1122.26 344.05 655.81
2022.2628 2066.86 2627.53 512.58 1124.29 338.26 652.41
2022.2656 2061.34 2585.76 501.78 1110.90 332.40 640.68
2022.2738 2033.76 2519.06 490.93 1082.55 325.04 620.53
2022.2765 2026.87 2520.00 489.85 1095.03 321.40 613.73
2022.2793 2054.78 2568.39 505.29 1112.92 327.31 622.87
2022.2820 2035.47 2499.38 492.83 1079.55 318.62 608.37
2022.2930 2031.68 2501.77 496.34 1078.11 315.57 611.76
2022.2957 2070.94 2556.63 513.65 1093.33 325.61 624.04
2022.2984 2074.67 2416.88 500.28 1092.22 211.27 613.12
2022.3012 2030.49 2369.81 481.75 1086.93 203.82 597.30
2022.3039 1973.23 2298.77 468.93 1056.69 201.30 571.85
2022.3121 1984.00 2323.64 474.53 1063.81 196.06 589.23
2022.3149 1931.05 2233.57 452.82 1024.10 185.31 571.33
2022.3176 1939.70 2197.44 448.85 1022.60 176.10 549.89
2022.3203 1975.77 2295.75 469.73 1068.77 186.36 570.88
2022.3231 1913.67 2160.82 403.74 1029.65 177.80 549.63
2022.3313 1924.91 2182.53 404.45 1031.68 186.30 560.10
2022.3340 1942.79 2196.69 403.65 1041.60 186.68 564.75
2022.3368 2006.89 2269.96 409.09 1084.32 190.55 586.01
2022.3395 1936.74 2136.10 378.16 1023.90 175.89 558.14
2022.3422 1911.62 2123.57 372.85 1028.74 169.03 552.95
2022.3504 1842.88 2050.32 353.41 994.60 161.68 540.63
2022.3532 1843.99 2078.01 353.64 1010.63 165.94 547.81
2022.3559 1810.60 2000.76 342.31 958.23 155.39 544.82
2022.3587 1820.60 1983.65 347.37 932.46 162.81 541.00
2022.3614 1875.17 2061.79 367.27 962.22 175.26 557.04
2022.3696 1862.31 2034.94 359.98 951.95 174.20 548.80
2022.3723 1904.50 2086.85 374.78 976.16 177.99 557.93
2022.3751 1828.62 1971.91 347.96 921.08 165.50 537.37
2022.3778 1832.98 1947.85 348.64 898.38 171.37 529.45
2022.3806 1833.79 1946.13 349.52 899.95 174.05 522.60
2022.3888 1858.91 1994.40 349.41 936.06 175.07 533.86
2022.3915 1840.77 1931.10 338.18 918.07 168.44 506.41
2022.3943 1864.87 1947.42 346.87 919.12 175.44 506.00
2022.3970 1910.23 1997.80 360.85 940.44 178.77 517.74
2022.3997 1961.89 2074.42 374.06 978.77 182.31 539.27
2022.4107 1940.86 2093.66 390.51 973.54 184.41 545.20
2022.4134 1920.03 2093.84 395.30 972.69 180.18 545.67
2022.4162 1966.21 2151.25 407.73 989.04 191.56 562.92
2022.4189 1940.45 2081.93 397.46 950.91 185.85 547.71
2022.4271 1952.45 2104.81 405.39 955.88 184.13 559.40
2022.4298 1973.51 2118.22 399.58 972.69 185.51 560.45
2022.4326 1943.61 2111.39 393.66 967.78 189.45 560.49
2022.4353 1900.06 2039.76 377.32 932.99 180.05 549.40
2022.4381 1847.40 1956.74 356.21 896.95 170.87 532.71
2022.4463 1764.71 1868.84 336.78 862.61 158.49 510.96
2022.4490 1758.26 1869.68 332.36 868.36 156.49 512.47
2022.4517 1781.85 1931.58 349.78 885.83 168.23 527.75
2022.4545 1708.33 1859.17 336.75 850.70 161.91 509.81
2022.4572 1718.32 1885.19 345.07 860.51 163.93 515.68
2022.4682 1754.60 1936.92 353.06 888.70 159.63 535.52
2022.4709 1751.85 1941.94 353.93 885.30 167.09 535.61
2022.4736 1769.67 1978.12 365.27 904.40 169.72 538.72
2022.4764 1821.87 2049.87 378.33 926.58 178.26 566.71
2022.4846 1825.88 2028.59 367.81 926.58 176.66 557.55
2022.4873 1790.21 1953.80 348.90 898.97 167.75 538.18
2022.4901 1778.51 1967.79 353.84 910.68 166.59 536.68
2022.4928 1772.61 1925.52 345.03 894.26 163.33 522.89
2022.4956 1790.92 1954.21 355.92 908.72 168.08 521.49
2022.5065 1786.20 2012.72 368.71 925.92 173.62 544.47
2022.5092 1791.05 2028.96 371.41 934.82 171.92 550.81
2022.5120 1826.36 2082.32 377.91 957.25 176.78 570.38
2022.5147 1827.00 2086.25 375.34 961.77 174.64 574.50
2022.5229 1806.13 2033.31 363.03 947.57 165.64 557.07
2022.5257 1785.43 2020.87 354.81 954.05 162.94 549.07
2022.5284 1779.57 2011.53 358.64 951.63 164.91 536.34
2022.5311 1768.55 2026.53 359.39 971.12 163.25 532.77
2022.5339 1800.61 2066.86 368.88 982.24 176.63 539.12
2022.5421 1795.90 2035.30 369.56 961.96 178.32 525.46
2022.5448 1850.47 2107.98 384.02 987.67 188.33 547.98
2022.5476 1865.79 2150.36 398.83 1001.01 202.16 548.36
2022.5503 1885.83 2180.08 404.87 1016.12 209.11 549.98
2022.5530 1869.87 2129.51 397.69 1007.88 205.90 518.05
2022.5613 1878.00 2115.38 393.53 1000.42 204.09 517.33
2022.5640 1861.03 2068.45 372.97 991.59 199.80 504.09
2022.5667 1914.45 2173.41 392.98 1025.54 211.79 543.10
2022.5695 1954.22 2185.38 397.24 1029.20 211.11 547.83
2022.5722 1981.75 2269.04 438.40 1062.95 210.06 557.63
2022.5804 1976.60 2259.61 439.83 1056.41 211.28 552.09
2022.5832 1970.18 2243.34 435.83 1046.60 206.81 554.09
2022.5859 1990.19 2319.51 453.24 1086.63 211.77 567.86
2022.5886 1991.60 2330.72 463.15 1084.54 214.74 568.29
2022.5914 1994.08 2317.44 457.40 1083.03 211.82 565.19
2022.5996 1992.23 2315.66 452.89 1079.89 218.08 564.80
2022.6023 1978.13 2304.48 447.75 1080.21 214.77 561.74
2022.6051 2027.20 2376.86 463.54 1108.51 228.00 576.80
2022.6078 2027.53 2360.00 456.88 1103.60 226.69 572.84
2022.6105 2063.50 2412.79 466.33 1127.24 232.85 586.37
2022.6188 2069.32 2419.65 465.13 1134.38 232.67 587.46
2022.6215 2068.52 2418.84 470.33 1133.33 229.48 585.70
2022.6242 2050.44 2405.38 461.62 1143.29 225.24 575.23
2022.6270 2058.99 2409.75 462.27 1140.67 228.99 577.81
2022.6297 2027.60 2362.45 449.05 1123.44 225.25 564.71
2022.6379 1986.85 2292.07 432.78 1097.57 211.59 550.13
2022.6407 1987.49 2287.85 434.08 1095.34 209.73 548.69
2022.6434 1999.71 2294.79 434.66 1097.31 214.46 548.36
2022.6461 2032.48 2340.89 445.97 1113.68 218.54 562.70
2022.6489 1964.99 2237.10 424.75 1071.70 208.55 532.10
2022.6571 1951.58 2215.93 421.63 1057.03 209.75 527.51
2022.6598 1929.27 2190.59 418.19 1040.85 206.09 525.46
2022.6626 1916.38 2172.24 411.82 1029.78 208.81 521.82
2022.6653 1915.22 2193.24 415.23 1034.63 214.86 528.52
2022.6680 1901.14 2165.54 414.23 1020.54 211.19 519.58
2022.6790 1901.27 2139.66 409.68 1012.16 203.98 513.84
2022.6817 1949.89 2184.19 420.63 1021.53 213.85 528.18
2022.6845 1969.06 2168.98 421.73 1011.70 212.43 523.12
2022.6872 1990.65 2216.26 432.94 1030.76 218.16 534.40
2022.6954 2006.82 2269.48 443.27 1070.45 220.92 534.83
2022.6982 1929.65 2126.83 411.99 1007.64 203.74 503.47
2022.7009 1938.61 2150.35 417.61 1017.27 209.33 506.14
2022.7036 1917.39 2124.82 410.23 998.01 219.85 496.73
2022.7064 1903.07 2108.09 401.30 987.07 224.29 495.43
2022.7146 1915.36 2140.84 404.97 1011.83 227.56 496.49
2022.7173 1882.50 2138.28 396.95 1027.68 226.83 486.83
2022.7201 1855.04 2091.31 385.09 1006.86 221.24 478.13
2022.7228 1818.98 2083.74 381.09 1000.44 221.41 480.81
2022.7255 1787.69 2040.51 369.62 985.31 211.47 474.11
2022.7337 1762.59 2043.28 374.07 987.53 209.29 472.39
2022.7365 1764.97 2044.19 371.67 994.02 209.56 468.95
2022.7392 1807.33 2075.45 383.37 981.44 229.02 481.62
2022.7420 1768.50 1999.01 372.94 933.23 223.89 468.95
2022.7447 1751.33 1951.87 367.09 905.20 219.91 459.67
2022.7529 1801.77 2007.49 376.45 933.04 223.27 474.73
2022.7556 1859.40 2064.77 393.37 956.94 224.86 489.60
2022.7584 1842.92 2061.63 392.92 958.91 221.11 488.69
2022.7611 1824.16 2056.33 390.81 952.56 224.18 488.79
2022.7639 1778.00 1975.68 372.16 917.58 209.92 476.02
2022.7721 1768.26 1975.73 369.27 919.74 214.81 471.91
2022.7748 1757.59 1943.74 364.52 910.31 200.15 468.76
2022.7775 1744.42 1949.13 366.77 906.12 206.30 469.95
2022.7803 1782.26 1996.00 365.56 936.57 217.17 476.69
2022.7830 1733.11 1933.08 347.27 906.38 214.82 464.60
2022.7912 1775.87 2013.17 369.66 932.78 228.93 481.81
2022.7940 1802.72 2029.25 378.01 941.55 224.97 484.73
2022.7967 1778.48 2049.96 373.82 942.27 254.41 479.47
2022.7995 1760.29 2044.67 374.40 939.19 250.47 480.61
2022.8022 1805.46 2107.85 387.62 964.61 270.46 485.16
2022.8104 1824.73 2124.23 389.25 978.89 263.81 492.28
2022.8131 1865.12 2163.06 391.78 997.82 271.82 501.65
2022.8159 1879.46 2086.20 375.73 978.23 278.92 453.32
2022.8186 1886.98 2028.94 360.46 948.43 277.35 442.70
2022.8214 1924.67 2093.96 335.94 1020.09 276.21 461.73
2022.8296 1918.14 2062.32 332.79 1004.37 272.62 452.55
2022.8323 1918.62 2001.67 314.43 986.75 267.83 432.66
2022.8350 1869.76 1920.45 299.26 949.94 254.99 416.26
2022.8378 1865.93 1850.21 290.10 909.65 251.31 399.15
2022.8405 1887.44 1861.52 295.56 907.88 243.58 414.50
2022.8487 1895.56 1870.88 294.09 911.43 241.54 423.82
2022.8515 1912.79 1878.68 292.31 915.23 246.08 425.06
2022.8542 1880.73 1820.39 279.83 884.85 237.86 417.84
2022.8569 1991.39 1984.53 313.91 963.58 256.83 450.21
2022.8597 1999.33 2043.01 327.43 982.15 270.99 462.45
2022.8679 1981.49 2031.41 319.95 972.83 279.52 459.10
2022.8706 2003.34 2067.49 321.42 984.38 289.73 471.96
2022.8734 1984.88 2050.76 315.50 976.18 285.83 473.25
2022.8761 1978.24 2043.68 308.13 988.84 275.80 470.91
2022.8789 1990.23 2034.95 305.82 992.58 268.98 467.56
2022.8871 1984.94 1995.81 300.36 971.06 266.24 458.14
2022.8898 2015.40 2021.16 302.77 985.30 267.77 465.32
2022.8925 2022.39 2041.63 305.79 991.14 272.27 472.44
2022.8980 2027.58 2008.48 303.45 971.72 266.70 466.61
2022.9062 1994.88 1974.17 305.20 946.20 262.62 460.15
2022.9090 1994.27 1945.12 300.23 926.19 262.42 456.28
2022.9117 2051.72 2055.20 313.62 971.19 285.37 485.01
2022.9144 2051.57 2063.51 310.24 973.03 296.04 484.20
2022.9172 2058.65 2056.86 305.79 969.75 299.27 482.05
2022.9254 2019.81 2027.09 295.65 962.01 291.97 477.46
2022.9281 1987.46 1974.91 286.69 937.60 285.40 465.22
2022.9309 1989.67 1955.01 287.37 924.68 288.07 454.89
2022.9336 2004.91 1968.35 293.51 935.90 289.79 449.16
2022.9363 1987.21 1965.94 289.42 932.68 298.90 444.95
2022.9446 2012.24 1983.81 294.16 947.97 294.38 447.29
2022.9473 2032.61 2012.30 300.46 954.40 299.20 458.24
2022.9500 2023.98 1989.59 297.51 939.57 296.86 455.66
2022.9528 1972.15 1890.14 287.34 895.55 271.25 436.01
2022.9555 1946.00 1873.83 285.42 882.49 271.53 434.38
2022.9637 1930.50 1839.81 275.87 868.45 269.28 426.21
2022.9665 1932.44 1842.42 276.75 867.99 269.18 428.50
2022.9692 1967.80 1880.31 281.88 888.66 278.30 431.47
2022.9719 1935.64 1839.79 272.20 867.53 278.10 421.95
2022.9747 1943.61 1846.91 276.94 865.11 275.50 429.36
2022.9856 1931.23 1808.66 269.76 853.10 265.42 420.38
2022.9884 1904.37 1764.68 265.80 826.92 258.61 413.35
2022.9911 1934.54 1820.97 273.47 850.34 271.91 425.25
2022.9938 1926.72 1824.95 272.88 852.44 275.42 424.20
2023.0055 1915.23 1803.68 278.79 820.56 275.49 428.84
2023.0082 1936.68 1818.71 276.58 829.02 289.00 424.10
2023.0110 1910.81 1794.35 270.02 820.23 289.27 414.83
2023.0137 1952.91 1846.25 279.64 850.41 294.73 421.48
2023.0219 1953.36 1856.59 283.80 853.89 294.38 424.54
2023.0246 1967.66 1882.21 291.95 857.69 305.93 426.64
2023.0274 1994.15 1931.45 308.91 875.80 305.67 441.08
2023.0301 2002.14 1932.52 309.49 875.28 308.35 439.40
2023.0329 2010.04 1957.40 318.75 884.13 310.86 443.66
2023.0438 2009.47 1949.20 312.03 891.87 304.70 440.60
2023.0465 1982.40 1940.78 310.11 887.08 304.80 438.78
2023.0493 1948.59 1935.72 304.33 887.48 294.95 448.97
2023.0520 1981.74 2015.00 315.93 904.54 319.90 474.64
2023.0602 2009.23 2060.30 316.80 925.79 333.84 483.86
2023.0630 2003.47 2062.14 312.90 935.11 339.82 474.30
2023.0657 2002.07 2052.54 315.70 930.71 343.68 462.45
2023.0684 2021.18 2081.68 322.32 944.49 340.80 474.06
2023.0712 2023.06 2107.99 332.14 957.42 336.97 481.47
2023.0794 2001.06 2062.93 326.65 938.19 329.81 468.28
2023.0821 2036.06 2089.65 335.03 946.66 330.51 477.46
2023.0849 2062.93 2118.75 341.59 954.14 338.11 484.92
2023.0876 2081.58 2219.13 366.80 989.50 342.68 520.15
2023.0903 2058.70 2194.31 335.87 1013.64 341.76 503.04
2023.0986 2045.44 2159.71 331.94 995.47 337.63 494.67
2023.1013 2067.11 2201.86 331.71 1014.63 339.00 516.52
2023.1040 2045.75 2142.44 325.02 996.72 342.63 478.08
2023.1068 2028.48 2103.93 319.14 989.83 338.58 456.38
2023.1095 2035.32 2087.30 317.09 992.26 324.44 453.51
2023.1177 2056.90 2123.37 323.36 1010.92 334.91 454.18
2023.1205 2056.05 2120.68 323.88 1006.65 336.21 453.94
2023.1232 2069.70 2151.06 328.63 1020.64 337.57 464.22
2023.1259 2040.70 2114.32 318.85 1010.00 327.57 457.91
2023.1287 2034.69 2095.36 315.76 1002.38 325.00 452.22
2023.1396 1991.08 2038.19 307.25 975.63 315.23 440.07
2023.1424 1989.69 2041.30 311.18 978.46 312.78 438.88
2023.1451 2000.71 2030.64 311.28 981.68 302.30 435.39
2023.1478 1981.50 1991.14 303.74 964.00 296.22 427.16
2023.1561 1991.15 2009.01 304.59 971.95 301.72 430.75
2023.1588 1986.88 2007.30 306.11 968.60 300.88 431.71
2023.1615 1985.74 1979.73 299.42 954.80 292.80 432.71
2023.1643 1999.67 1990.66 299.29 958.75 291.30 441.32
2023.1670 2029.27 2044.56 308.29 992.39 294.38 449.49
2023.1752 2024.71 2063.73 304.56 1010.79 291.44 456.95
2023.1780 1995.46 2038.37 303.91 996.13 288.12 450.21
2023.1807 1999.81 2053.31 305.11 1004.48 291.22 452.50
2023.1834 1961.13 2010.30 299.68 989.50 278.13 442.99
2023.1862 1920.43 1979.05 294.74 975.77 273.44 435.10
2023.1944 1910.24 2001.33 300.27 988.71 274.14 438.21
2023.1971 1940.64 2036.94 308.23 1002.64 275.48 450.59
2023.1999 1908.03 2063.12 312.51 1005.27 283.75 461.59
2023.2026 1935.26 2121.85 324.99 1024.06 289.60 483.20
2023.2053 1898.76 2113.24 321.45 1018.48 283.48 489.84
2023.2136 1926.92 2123.97 317.42 1034.25 285.00 487.31
2023.2163 1958.83 2165.05 326.84 1046.60 285.61 506.00
2023.2190 1920.02 2130.47 320.64 1037.07 274.51 498.26
2023.2218 1920.32 2172.21 320.67 1044.30 299.23 508.01
2023.2245 1926.72 2185.53 318.78 1052.97 306.72 507.05
2023.2327 1936.77 2157.27 318.49 1040.03 306.04 492.71
2023.2355 1936.22 2138.54 315.89 1035.89 302.17 484.58
2023.2382 1967.88 2179.35 325.67 1056.39 310.12 487.16
2023.2409 1977.41 2198.68 331.36 1066.84 316.10 484.39
2023.2437 2008.85 2238.96 335.55 1083.53 322.69 497.20
2023.2519 2008.56 2251.41 332.69 1091.87 325.30 501.55
2023.2546 1986.36 2252.44 337.69 1088.32 323.87 502.56
2023.2574 1973.48 2225.98 328.43 1076.04 319.76 501.74
2023.2601 1971.69 2251.07 331.55 1081.95 316.94 520.63
2023.2710 1988.25 2224.51 331.91 1064.67 316.62 511.31
2023.2738 1998.61 2204.42 324.60 1056.59 315.90 507.34
2023.2765 1991.20 2182.02 317.81 1051.99 309.19 503.04
2023.2793 2012.15 2261.10 332.66 1087.86 323.35 517.23
2023.2820 2004.87 2258.17 333.01 1085.56 316.29 523.31
2023.2902 2020.33 2239.00 333.76 1085.69 310.77 508.77
2023.2930 2025.57 2240.41 332.33 1093.84 311.68 502.56
2023.2957 2019.79 2244.17 338.83 1101.47 301.80 502.08
2023.2984 2011.15 2242.43 337.24 1095.03 303.88 506.29
2023.3012 2009.46 2244.46 347.47 1084.32 306.34 506.33
2023.3094 2012.94 2249.19 345.03 1086.35 307.31 510.49
2023.3121 1976.41 2210.70 333.21 1076.10 301.27 500.12
2023.3149 1936.27 2216.39 341.04 1076.04 299.96 499.35
2023.3176 1965.15 2285.80 356.76 1106.59 304.35 518.10
2023.3203 1985.47 2283.04 342.56 1114.94 308.16 517.38
2023.3285 1985.69 2263.54 331.52 1114.34 302.73 514.94
2023.3313 1957.57 2247.36 336.65 1107.44 296.60 506.67
2023.3340 1953.62 2242.57 336.72 1100.28 298.23 507.34
2023.3368 1938.17 2229.83 337.85 1089.37 299.62 502.99
2023.3395 1970.86 2293.00 343.25 1140.50 301.46 507.79
2023.3477 1969.51 2310.66 343.80 1140.04 309.36 517.47
2023.3504 1961.20 2301.30 346.36 1128.67 310.23 516.04
2023.3532 1964.41 2348.47 357.96 1140.43 313.29 536.79
2023.3559 1957.46 2386.99 364.43 1141.68 322.01 558.88
2023.3587 1962.69 2374.90 358.19 1135.49 317.46 563.75
2023.3669 1973.23 2366.34 361.24 1132.20 313.73 559.16
2023.3696 1947.75 2386.45 368.39 1132.20 311.73 574.13
2023.3723 1971.82 2409.80 375.21 1136.28 317.53 580.77
2023.3751 1990.95 2472.95 383.82 1151.81 346.79 590.52
2023.3778 1985.18 2460.67 377.65 1152.54 341.25 589.23
2023.3860 1989.39 2460.66 373.62 1146.22 339.06 601.76
2023.3888 1964.66 2424.33 373.56 1128.85 332.50 589.42
2023.3915 1946.24 2432.28 379.27 1130.69 340.78 581.54
2023.3943 1962.95 2441.65 373.59 1138.26 335.31 594.49
2023.3970 1983.98 2498.04 390.19 1154.31 353.88 599.66
2023.4079 1987.69 2524.77 395.22 1166.62 367.05 595.88
2023.4107 1968.76 2516.96 391.71 1166.29 369.15 589.81
2023.4134 1988.33 2554.92 398.83 1184.97 376.53 594.59
2023.4162 2024.35 2567.02 403.64 1190.63 374.05 598.70
2023.4244 2018.88 2570.97 407.05 1181.62 376.91 605.39
2023.4271 2030.94 2574.95 411.30 1179.18 372.95 611.51
2023.4298 2039.28 2525.01 393.83 1170.04 373.39 587.75
2023.4326 2045.96 2560.59 403.64 1188.13 382.36 586.46
2023.4353 2043.24 2571.40 400.97 1190.70 392.31 587.42
2023.4435 2060.26 2610.98 411.17 1209.32 396.00 594.49
2023.4463 2079.65 2619.48 411.47 1206.16 406.98 594.88
2023.4490 2077.37 2627.47 410.69 1210.37 411.77 594.64
2023.4517 2099.92 2654.12 412.93 1223.93 415.89 601.38
2023.4545 2094.11 2620.99 407.67 1216.76 403.46 593.11
2023.4654 2076.71 2624.08 408.61 1217.35 406.02 592.10
2023.4682 2070.85 2592.12 405.52 1210.44 396.45 579.72
2023.4709 2064.55 2640.05 422.80 1230.44 394.61 592.20
2023.4736 2044.59 2632.65 420.14 1228.34 396.04 588.13
2023.4819 2051.69 2590.54 413.64 1219.06 388.50 569.35
2023.4846 2081.27 2615.59 419.65 1237.42 389.56 568.96
2023.4873 2080.10 2644.78 419.20 1245.25 401.48 578.86
2023.4901 2094.09 2636.71 415.49 1247.48 399.99 573.74
2023.4928 2119.41 2689.55 423.49 1276.30 411.43 578.33
2023.5010 2124.80 2678.09 423.03 1266.37 412.31 576.37
2023.5065 2113.06 2685.23 423.55 1258.93 416.48 586.27
2023.5092 2092.54 2667.11 416.99 1262.09 409.89 578.14
2023.5120 2098.67 2659.82 421.60 1254.66 409.19 574.37
2023.5202 2124.25 2625.33 412.99 1241.03 412.57 558.73
2023.5229 2140.88 2629.81 418.35 1237.55 411.17 562.75
2023.5257 2157.09 2660.21 424.92 1248.67 414.75 571.88
2023.5284 2172.23 2707.47 436.29 1253.73 420.66 596.79
2023.5311 2162.00 2705.94 437.52 1254.72 412.75 600.95
2023.5394 2178.55 2728.56 433.88 1276.43 420.36 597.89
2023.5421 2190.18 2742.91 431.51 1274.72 443.47 593.20
2023.5448 2191.68 2756.53 439.73 1283.74 446.08 586.99
2023.5476 2176.85 2672.97 422.19 1270.78 408.56 571.45
2023.5503 2180.61 2659.73 422.32 1262.95 399.29 575.18
2023.5585 2185.69 2669.48 418.42 1268.28 400.11 582.68
2023.5613 2195.24 2680.01 419.49 1274.00 399.48 587.03
2023.5640 2190.69 2710.76 416.31 1279.79 394.78 619.88
2023.5667 2172.37 2694.79 416.63 1271.37 385.91 620.88
2023.5695 2180.78 2751.62 429.50 1288.54 397.69 635.89
2023.5777 2185.18 2773.27 434.27 1292.62 410.01 636.37
2023.5804 2180.92 2755.12 427.81 1287.09 409.68 630.54
2023.5832 2149.87 2700.01 416.50 1267.16 401.35 615.00
2023.5859 2144.19 2694.84 418.78 1257.88 402.56 615.62
2023.5886 2134.16 2668.53 453.41 1197.48 403.12 614.52
2023.5969 2152.37 2681.29 462.01 1176.81 411.68 630.78
2023.5996 2140.33 2677.36 454.61 1183.07 409.38 630.30
2023.6023 2124.44 2643.11 447.82 1172.47 400.60 622.22
2023.6051 2122.97 2645.27 450.12 1171.02 401.61 622.51
2023.6078 2116.48 2637.21 449.64 1171.42 393.84 622.32
2023.6160 2127.23 2668.89 456.65 1182.42 399.56 630.25
2023.6188 2099.31 2634.95 447.23 1169.18 395.74 622.79
2023.6215 2081.24 2607.46 438.79 1163.38 388.04 617.25
2023.6242 2059.37 2581.81 435.25 1146.45 376.41 623.70
2023.6270 2062.26 2572.76 432.78 1149.68 377.84 612.47
2023.6352 2071.17 2593.83 437.52 1158.57 381.35 616.39
2023.6379 2065.37 2609.78 436.12 1167.73 385.91 620.02
2023.6407 2088.00 2669.80 440.25 1193.36 399.34 636.85
2023.6434 2058.79 2594.02 428.29 1162.13 380.08 623.51
2023.6461 2069.41 2623.11 432.91 1176.82 388.58 624.80
2023.6543 2085.39 2640.29 432.52 1187.23 390.48 630.06
2023.6571 2116.46 2700.76 438.27 1213.13 401.62 647.75
2023.6598 2124.75 2735.80 438.79 1236.39 405.99 654.64
2023.6626 2120.84 2747.88 448.34 1237.84 405.07 656.64
2023.6653 2130.82 2761.88 448.70 1248.31 410.86 654.01
2023.6762 2107.95 2768.49 445.93 1249.89 419.08 653.58
2023.6790 2100.24 2708.41 439.73 1205.15 416.35 647.18
2023.6817 2091.04 2682.77 447.82 1169.90 413.90 651.15
2023.6845 2090.48 2692.55 449.05 1173.99 413.58 655.93
2023.6927 2096.44 2721.12 464.87 1181.76 415.98 658.51
2023.6954 2087.31 2676.93 458.80 1161.60 406.01 650.52
2023.6982 2081.00 2660.79 470.56 1147.83 385.04 657.36
2023.7009 2102.91 2666.60 470.14 1157.91 374.07 664.48
2023.7036 2075.93 2641.11 456.07 1153.10 370.75 661.18
2023.7118 2072.53 2660.06 454.74 1172.61 368.38 664.34
2023.7146 2070.96 2660.73 447.10 1179.85 370.06 663.72
2023.7173 2060.86 2600.03 439.50 1156.27 360.81 643.45
2023.7201 2022.77 2552.94 420.14 1145.99 358.80 628.01
2023.7228 2017.85 2553.34 419.46 1151.65 354.75 627.48
2023.7310 2026.61 2577.89 426.44 1160.15 359.41 631.88
2023.7337 1998.21 2515.37 409.26 1133.01 354.23 618.87
2023.7365 2004.03 2513.34 409.26 1122.93 352.68 628.48
2023.7392 2023.26 2521.89 409.26 1124.64 351.53 636.47
2023.7420 2016.88 2524.06 412.96 1128.07 352.69 630.35
2023.7502 2001.92 2566.82 420.56 1144.80 355.24 646.22
2023.7529 1972.28 2530.24 405.16 1135.91 351.89 637.28
2023.7556 1990.06 2560.29 412.57 1144.21 352.03 651.48
2023.7584 1984.86 2559.78 409.19 1152.44 348.01 650.14
2023.7611 2006.50 2604.71 415.69 1169.44 356.34 663.24
2023.7693 2021.50 2623.40 416.66 1179.33 360.49 666.92
2023.7721 2042.06 2610.18 420.63 1175.37 348.69 665.49
2023.7748 2050.56 2632.15 428.26 1184.66 341.79 677.44
2023.7775 2023.89 2628.61 429.89 1190.66 337.37 670.70
2023.7803 2014.22 2594.77 421.63 1178.40 332.21 662.52
2023.7885 2039.51 2616.82 430.60 1177.55 337.01 671.65
2023.7912 2047.63 2600.59 427.09 1167.20 332.25 674.05
2023.7940 2010.28 2564.03 416.24 1158.57 323.35 665.87
2023.7967 1978.05 2612.88 417.12 1156.07 375.26 664.44
2023.7995 1944.44 2573.93 406.63 1139.07 374.50 653.73
2023.8077 1935.33 2590.27 411.14 1139.86 380.00 659.27
2023.8104 1947.64 2616.72 417.64 1142.76 386.43 669.89
2023.8131 1919.94 2511.39 394.35 1127.34 384.12 605.58
2023.8159 1912.79 2455.09 388.43 1099.60 376.91 590.14
2023.8186 1891.70 2484.91 414.97 1108.37 371.62 589.95
2023.8268 1900.65 2537.33 431.12 1122.00 383.02 601.19
2023.8296 1918.43 2541.08 432.35 1125.17 384.53 599.03
2023.8323 1933.25 2593.66 445.06 1146.25 392.47 609.89
2023.8350 1973.19 2629.91 448.53 1169.97 396.69 614.72
2023.8378 2004.44 2641.27 450.25 1163.91 403.83 623.27
2023.8460 1995.62 2669.36 453.96 1180.91 406.06 628.44
2023.8487 1995.70 2700.49 463.61 1197.97 405.93 632.98
2023.8515 1995.84 2711.51 461.56 1205.02 407.84 637.09
2023.8542 1981.07 2694.63 456.75 1201.86 406.44 629.58
2023.8569 2010.31 2754.78 466.37 1229.77 417.73 640.91
2023.8652 2008.30 2736.62 463.22 1219.21 415.28 638.91
2023.8679 2071.51 2776.79 473.64 1236.63 419.05 647.46
2023.8706 2075.19 2789.05 465.20 1240.39 431.46 652.01
2023.8734 2069.24 2814.84 464.00 1251.61 436.14 663.10
2023.8761 2079.25 2812.96 471.63 1251.47 435.17 654.68
2023.8843 2095.35 2840.33 474.72 1263.08 443.16 659.37
2023.8871 2090.54 2831.54 467.47 1257.74 443.61 662.71
2023.8898 2098.38 2854.63 476.60 1262.16 446.46 669.41
2023.8953 2103.98 2838.74 476.70 1253.32 447.92 660.80
2023.9035 2100.79 2839.59 479.91 1252.13 447.55 659.99
2023.9062 2096.46 2843.91 477.64 1256.16 447.40 662.71
2023.9090 2103.90 2822.50 475.33 1249.36 445.71 652.10
2023.9117 2116.02 2810.72 474.59 1253.19 442.70 640.24
2023.9144 2143.88 2811.73 477.64 1261.70 435.01 637.38
2023.9227 2140.45 2768.75 470.53 1249.76 423.95 624.52
2023.9254 2126.97 2811.28 477.15 1276.08 425.12 632.93
2023.9281 2122.12 2783.91 469.49 1268.82 417.26 628.34
2023.9309 2134.67 2842.92 477.15 1281.69 422.18 661.90
2023.9336 2143.60 2847.17 478.91 1291.19 423.82 653.25
2023.9418 2163.32 2821.96 473.94 1274.50 429.55 643.97
2023.9446 2169.32 2835.05 479.10 1284.59 432.45 638.91
2023.9473 2211.89 2878.35 483.52 1306.03 448.31 640.48
2023.9500 2246.22 2861.56 478.91 1307.02 438.83 636.80
2023.9528 2238.60 2871.43 487.19 1303.46 440.91 639.86
2023.9610 2245.16 2902.81 500.51 1292.38 454.05 655.88
2023.9637 2265.45 2921.49 499.60 1299.30 462.36 660.23
2023.9665 2223.45 2904.23 494.18 1285.38 456.99 667.69
2023.9692 2253.26 2921.25 499.76 1284.39 459.17 677.92
2023.9719 2258.28 2912.63 498.40 1277.27 454.64 682.32
2023.9829 2273.52 2913.58 498.37 1273.64 458.78 682.79
2023.9856 2277.27 2907.98 498.14 1274.30 459.34 676.20
2023.9884 2276.76 2908.98 498.27 1277.14 458.15 675.43
2023.9911 2267.46 2892.31 493.59 1270.21 454.76 673.76
2024.0027 2258.62 2816.61 487.06 1224.75 437.59 667.21
2024.0055 2224.13 2808.17 482.32 1215.58 439.23 671.03
2024.0082 2219.03 2773.09 469.65 1200.15 443.35 659.94
2024.0110 2222.48 2766.77 471.83 1195.33 442.78 656.83
2024.0192 2255.80 2833.46 484.36 1224.23 453.03 671.85
2024.0219 2250.79 2845.03 491.74 1221.45 450.28 681.55
2024.0246 2257.15 2862.04 499.41 1228.38 446.77 687.48
2024.0274 2253.33 2875.15 504.12 1224.42 459.75 686.86
2024.0301 2249.47 2878.17 502.30 1226.60 459.69 689.58
2024.0411 2238.14 2847.35 497.55 1211.49 449.49 688.82
2024.0438 2220.58 2829.84 492.84 1205.22 448.64 683.13
2024.0465 2235.50 2889.60 498.66 1244.48 453.29 693.17
2024.0493 2272.42 2926.95 504.64 1263.81 451.09 707.42
2024.0575 2288.55 2941.83 502.82 1279.18 453.66 706.17
2024.0602 2290.68 2965.06 506.84 1287.69 459.72 710.81
2024.0630 2283.77 3020.53 509.61 1283.21 508.92 718.79
2024.0657 2300.20 3052.94 512.46 1281.03 524.92 734.52
2024.0684 2295.79 3054.42 516.92 1269.48 532.78 735.24
2024.0767 2317.47 3066.86 523.87 1264.93 537.80 740.26
2024.0794 2321.85 3014.53 516.53 1240.59 525.71 731.70
2024.0821 2292.46 2925.56 504.18 1216.57 526.89 677.92
2024.0849 2328.77 2962.57 517.44 1232.80 530.07 682.27
2024.0876 2335.09 2997.90 558.14 1226.14 527.39 686.24
2024.0958 2332.32 3009.34 553.27 1238.21 524.98 692.88
2024.0986 2343.71 3012.78 549.50 1248.90 519.20 695.18
2024.1013 2367.61 3027.25 553.98 1249.63 522.40 701.25
2024.1040 2377.02 3019.68 551.74 1242.43 521.68 703.83
2024.1068 2394.71 3056.69 566.72 1247.52 524.28 718.17
2024.1150 2408.21 3028.24 559.86 1236.29 521.04 711.05
2024.1177 2372.80 2987.89 547.84 1222.35 517.93 699.77
2024.1205 2413.08 3016.47 555.44 1216.47 541.11 703.45
2024.1232 2452.31 3008.62 551.61 1214.56 554.30 688.15
2024.1259 2413.31 2978.13 550.67 1204.32 545.42 677.73
2024.1369 2397.23 2959.15 542.77 1199.36 537.18 679.83
2024.1396 2391.49 2975.26 547.68 1204.38 535.52 687.67
2024.1424 2463.66 3029.45 567.14 1217.93 549.64 694.75
2024.1451 2449.79 3013.84 568.47 1205.71 545.06 694.60
2024.1533 2449.62 2976.56 567.63 1196.72 548.88 663.34
2024.1561 2452.83 3001.96 563.76 1206.43 561.97 669.79
2024.1588 2449.60 2975.12 562.53 1198.44 557.12 657.03
2024.1615 2473.28 2999.63 574.22 1194.01 563.14 668.26
2024.1643 2501.18 3004.39 578.96 1186.81 578.48 660.13
2024.1725 2527.50 2950.36 576.88 1156.69 575.20 641.58
2024.1752 2512.26 2888.02 565.64 1123.79 559.01 639.58
2024.1780 2534.12 2872.85 563.66 1117.19 558.25 633.74
2024.1807 2564.15 2905.73 574.42 1116.39 568.36 646.56
2024.1834 2548.11 2913.95 569.64 1127.82 564.91 651.58
2024.1916 2536.26 2925.32 558.63 1141.17 561.28 664.24
2024.1944 2562.99 2952.36 569.77 1144.34 570.76 667.50
2024.1971 2560.61 2946.27 573.57 1130.46 569.24 672.99
2024.1999 2529.34 2986.13 580.69 1142.82 572.56 690.06
2024.2026 2513.22 2952.52 566.62 1140.31 565.90 679.69
2024.2108 2514.42 3001.83 566.81 1147.57 577.59 709.85
2024.2136 2515.74 3021.55 571.43 1163.16 579.78 707.18
2024.2163 2537.45 3060.88 578.74 1180.27 586.28 715.59
2024.2190 2569.18 3003.51 578.74 1132.05 581.62 711.10
2024.2218 2557.45 3031.29 581.08 1138.06 586.57 725.58
2024.2300 2558.93 3021.10 583.80 1128.62 586.06 722.62
2024.2327 2552.03 3013.28 579.22 1121.08 587.72 725.25
2024.2355 2584.94 3028.50 584.19 1144.87 573.05 726.39
2024.2382 2591.16 3013.94 585.98 1132.78 567.26 727.92
2024.2491 2582.09 3033.07 587.90 1123.20 573.78 748.20
2024.2519 2552.96 3021.19 586.99 1115.34 573.68 745.18
2024.2546 2562.99 3049.34 592.58 1120.69 588.51 747.57
2024.2574 2527.18 3002.77 584.75 1115.21 576.42 726.39
2024.2601 2545.23 3051.60 601.22 1120.23 594.21 735.96
2024.2683 2547.50 3047.79 601.61 1112.76 586.95 746.47
2024.2710 2550.78 3057.43 603.17 1120.82 577.41 756.04
2024.2738 2514.18 3043.92 604.08 1108.34 577.77 753.74
2024.2765 2523.26 3126.44 614.15 1156.29 587.29 768.70
2024.2793 2478.80 3113.72 604.66 1166.27 581.74 761.06
2024.2875 2450.34 3051.75 596.51 1140.77 567.09 747.38
2024.2902 2454.06 3037.02 595.53 1118.90 576.78 745.80
2024.2930 2438.18 3021.90 588.90 1109.79 573.20 750.01
2024.2957 2426.68 3008.72 582.21 1103.45 570.28 752.78
2024.2984 2388.52 2920.16 567.30 1089.97 518.42 744.47
2024.3066 2409.37 2944.40 575.75 1095.52 518.01 755.13
2024.3094 2442.24 2989.95 583.25 1102.52 539.63 764.55
2024.3121 2442.55 2978.88 573.67 1116.53 518.49 770.19
2024.3149 2445.73 2969.12 564.18 1122.27 527.53 755.13
2024.3176 2467.09 3056.47 583.51 1118.38 524.20 830.38
2024.3258 2488.73 3059.26 587.86 1146.12 522.58 802.70
2024.3285 2446.61 2995.10 568.50 1125.18 514.31 787.11
2024.3313 2416.76 3006.74 581.50 1118.38 515.31 791.56
2024.3340 2438.71 3076.33 600.08 1143.02 527.86 805.37
2024.3368 2464.69 3165.33 604.92 1211.39 541.12 807.91
2024.3450 2496.35 3182.87 613.01 1200.36 557.58 811.92
2024.3477 2492.80 3211.12 613.20 1204.91 566.02 826.98
2024.3504 2490.55 3205.43 610.73 1207.16 569.26 818.28
2024.3532 2505.81 3226.85 615.61 1219.25 571.70 820.29
2024.3559 2509.90 3204.58 609.05 1210.85 570.57 814.12
2024.3641 2504.59 3231.25 606.09 1232.21 575.91 817.04
2024.3669 2524.82 3242.67 607.71 1239.82 573.17 821.96
2024.3696 2569.40 3263.50 604.21 1254.97 573.04 831.29
2024.3723 2554.46 3261.23 596.54 1255.76 570.24 838.70
2024.3751 2555.51 3283.68 600.01 1255.96 580.12 847.59
2024.3833 2562.67 3311.67 596.25 1263.70 598.54 853.18
2024.3860 2560.85 3333.37 594.98 1272.37 607.68 858.34
2024.3888 2556.29 3306.88 594.91 1262.77 598.21 850.98
2024.3915 2528.39 3254.99 588.16 1236.18 593.73 836.93
2024.3943 2557.82 3290.95 587.18 1256.69 604.08 843.00
2024.4052 2545.18 3305.74 591.73 1256.75 606.18 851.08
2024.4079 2511.36 3309.59 591.31 1258.74 611.43 848.11
2024.4107 2515.80 3282.57 582.54 1265.35 604.93 829.76
2024.4134 2530.95 3275.84 573.18 1271.70 599.29 831.67
2024.4216 2516.95 3288.67 579.35 1283.48 591.97 833.87
2024.4244 2509.48 3295.40 582.60 1285.59 589.95 837.26
2024.4271 2542.81 3338.46 588.90 1295.65 607.37 846.54
2024.4298 2529.62 3345.83 600.99 1286.45 605.73 852.66
2024.4326 2517.70 3341.44 598.71 1302.40 599.15 841.18
2024.4408 2534.14 3332.51 607.68 1277.46 601.98 845.39
2024.4435 2526.07 3437.12 608.23 1370.26 605.76 852.86
2024.4463 2549.95 3483.14 607.13 1409.42 607.17 859.42
2024.4490 2559.65 3470.43 597.19 1417.16 610.16 845.92
2024.4517 2540.50 3481.16 596.64 1405.59 625.21 853.72
2024.4600 2565.02 3518.10 597.94 1433.24 631.24 855.68
2024.4627 2578.63 3496.33 593.87 1417.49 640.43 844.53
2024.4682 2565.27 3476.35 604.56 1387.00 634.23 850.56
2024.4709 2561.96 3490.38 614.24 1372.51 640.85 862.77
2024.4791 2553.28 3469.84 602.84 1376.81 624.88 865.30
2024.4819 2545.82 3504.58 605.34 1382.97 628.04 888.23
2024.4846 2534.79 3559.78 628.96 1410.62 632.98 887.23
2024.4873 2544.92 3592.52 642.73 1416.24 639.19 894.36
2024.4901 2532.48 3529.25 627.79 1393.22 630.35 877.89
2024.4983 2516.77 3586.57 640.62 1433.77 629.17 883.01
2024.5010 2532.24 3634.67 649.72 1457.05 634.74 893.16
2024.5038 2543.93 3641.78 641.89 1465.52 637.48 896.89
2024.5092 2542.55 3710.77 649.72 1497.20 645.08 918.77
2024.5175 2558.22 3706.58 647.41 1506.99 640.50 911.68
2024.5202 2555.49 3712.24 647.57 1512.68 640.50 911.49
2024.5229 2581.94 3745.22 649.04 1541.13 632.94 922.12
2024.5257 2594.81 3645.12 633.64 1505.34 609.68 896.46
2024.5284 2621.95 3655.65 631.82 1524.99 604.87 893.97
2024.5366 2622.06 3690.45 626.07 1550.52 613.14 900.72
2024.5394 2658.28 3681.20 627.04 1553.30 613.02 887.85
2024.5421 2612.80 3603.32 610.51 1514.01 604.74 874.06
2024.5448 2593.86 3538.25 596.93 1482.92 600.61 857.79
2024.5476 2572.43 3528.85 594.91 1483.78 591.55 858.60
2024.5558 2604.11 3556.83 593.03 1481.46 604.78 877.56
2024.5585 2595.15 3573.08 605.57 1488.41 600.35 878.75
2024.5613 2542.24 3461.65 587.44 1445.61 594.03 834.58
2024.5640 2539.83 3424.81 584.26 1438.66 592.25 809.64
2024.5667 2575.30 3431.69 592.87 1441.77 589.71 807.34
2024.5749 2574.75 3443.43 595.14 1443.62 585.59 819.07
2024.5777 2566.97 3441.69 590.30 1447.33 581.50 822.56
2024.5804 2606.91 3492.08 607.42 1469.02 586.89 828.74
2024.5832 2557.60 3451.40 597.97 1444.42 583.62 825.39
2024.5859 2499.18 3378.93 545.44 1454.34 573.15 806.00
2024.5941 2440.06 3235.30 523.09 1384.29 559.06 768.86
2024.5969 2468.38 3234.57 526.04 1370.79 569.35 768.38
2024.5996 2431.85 3257.22 528.77 1387.93 571.13 769.39
2024.6023 2491.49 3322.57 538.62 1411.01 588.76 784.18
2024.6051 2497.59 3356.42 542.32 1430.39 592.11 791.60
2024.6133 2496.67 3358.53 541.86 1440.59 591.37 784.70
2024.6160 2536.19 3417.81 553.01 1465.36 605.26 794.18
2024.6188 2544.50 3414.46 552.58 1468.34 618.02 775.51
2024.6215 2591.14 3465.56 576.92 1488.21 619.46 780.97
2024.6242 2594.68 3490.29 575.20 1497.02 629.60 788.49
2024.6324 2617.54 3524.02 578.96 1495.96 643.10 806.00
2024.6352 2603.65 3542.30 581.11 1500.06 652.45 808.68
2024.6379 2626.82 3537.88 585.10 1499.33 651.12 802.32
2024.6407 2606.73 3494.70 572.17 1486.95 643.50 792.08
2024.6434 2646.24 3520.16 575.13 1502.25 641.42 801.36
2024.6516 2630.05 3521.40 570.13 1504.50 643.02 803.75
2024.6543 2630.75 3518.68 562.40 1510.13 649.82 796.33
2024.6571 2605.91 3480.85 554.86 1499.93 638.72 787.34
2024.6598 2609.63 3509.79 559.15 1521.78 646.79 782.07
2024.6626 2631.59 3541.76 579.87 1516.55 655.08 790.26
