t ff y2 y10
1990.042 8.23 8.09 8.21
1990.125 8.24 8.37 8.47
1990.208 8.28 8.63 8.59
1990.292 8.26 8.72 8.79
1990.375 8.18 8.64 8.76
1990.458 8.29 8.35 8.48
1990.542 8.15 8.16 8.47
1990.625 8.13 8.06 8.75
1990.708 8.20 8.08 8.89
1990.792 8.11 7.88 8.72
1990.875 7.81 7.60 8.39
1990.958 7.31 7.31 8.07
1991.042 6.91 7.13 8.09
1991.125 6.25 6.87 7.85
1991.208 6.12 7.10 8.11
1991.292 5.91 6.95 8.04
1991.375 5.78 6.78 8.07
1991.458 5.90 6.96 8.28
1991.542 5.82 6.92 8.27
1991.625 5.66 6.43 7.90
1991.708 5.45 6.18 7.65
1991.792 5.21 5.91 7.53
1991.875 4.81 5.56 7.42
1991.958 4.43 5.03 7.09
1992.042 4.03 4.96 7.03
1992.125 4.06 5.21 7.34
1992.208 3.98 5.69 7.54
1992.292 3.73 5.34 7.48
1992.375 3.82 5.23 7.39
1992.458 3.76 5.05 7.26
1992.542 3.25 4.36 6.84
1992.625 3.30 4.19 6.59
1992.708 3.22 3.89 6.42
1992.792 3.10 4.08 6.59
1992.875 3.09 4.58 6.87
1992.958 2.92 4.67 6.77
1993.042 3.02 4.39 6.60
1993.125 3.03 4.10 6.26
1993.208 3.07 3.95 5.98
1993.292 2.96 3.84 5.97
1993.375 3.00 3.98 6.04
1993.458 3.04 4.16 5.96
1993.542 3.06 4.07 5.81
1993.625 3.03 4.00 5.68
1993.708 3.09 3.85 5.36
1993.792 2.99 3.87 5.33
1993.875 3.02 4.16 5.72
1993.958 2.96 4.21 5.77
1994.042 3.05 4.14 5.75
1994.125 3.25 4.47 5.97
1994.208 3.34 5.00 6.48
1994.292 3.56 5.55 6.97
1994.375 4.01 5.97 7.18
1994.458 4.25 5.93 7.10
1994.542 4.26 6.13 7.30
1994.625 4.47 6.18 7.24
1994.708 4.73 6.39 7.46
1994.792 4.76 6.73 7.74
1994.875 5.29 7.15 7.96
1994.958 5.45 7.59 7.81
1995.042 5.53 7.51 7.78
1995.125 5.92 7.11 7.47
1995.208 5.98 6.78 7.20
1995.292 6.05 6.57 7.06
1995.375 6.01 6.17 6.63
1995.458 6.00 5.72 6.17
1995.542 5.85 5.78 6.28
1995.625 5.74 5.98 6.49
1995.708 5.80 5.81 6.20
1995.792 5.76 5.70 6.04
1995.875 5.80 5.48 5.93
1995.958 5.60 5.32 5.71
1996.042 5.56 5.11 5.65
1996.125 5.22 5.03 5.81
1996.208 5.31 5.66 6.27
1996.292 5.22 5.96 6.51
1996.375 5.24 6.09 6.74
1996.458 5.27 6.30 6.91
1996.542 5.40 6.27 6.87
1996.625 5.22 6.03 6.64
1996.708 5.30 6.23 6.83
1996.792 5.24 5.91 6.53
1996.875 5.31 5.70 6.20
1996.958 5.29 5.78 6.30
1997.042 5.25 6.01 6.58
1997.125 5.19 5.90 6.42
1997.208 5.39 6.22 6.69
1997.292 5.51 6.45 6.89
1997.375 5.50 6.28 6.71
1997.458 5.56 6.09 6.49
1997.542 5.52 5.89 6.22
1997.625 5.54 5.94 6.30
1997.708 5.54 5.88 6.21
1997.792 5.50 5.77 6.03
1997.875 5.52 5.71 5.88
1997.958 5.50 5.71 5.81
1998.042 5.56 5.36 5.54
1998.125 5.51 5.42 5.57
1998.208 5.49 5.56 5.65
1998.292 5.45 5.56 5.64
1998.375 5.49 5.59 5.65
1998.458 5.56 5.52 5.50
1998.542 5.54 5.46 5.46
1998.625 5.55 5.27 5.34
1998.708 5.51 4.67 4.81
1998.792 5.07 4.09 4.53
1998.875 4.83 4.54 4.83
1998.958 4.68 4.51 4.64
1999.042 4.63 4.62 4.72
1999.125 4.76 4.88 5.00
1999.208 4.81 5.05 5.23
1999.292 4.74 4.98 5.18
1999.375 4.74 5.25 5.54
1999.458 4.76 5.62 5.90
1999.542 4.99 5.55 5.79
1999.625 5.07 5.68 5.94
1999.708 5.22 5.66 5.92
1999.792 5.20 5.86 6.11
1999.875 5.42 5.86 6.03
1999.958 5.30 6.10 6.28
2000.042 5.45 6.44 6.66
2000.125 5.73 6.61 6.52
2000.208 5.85 6.53 6.26
2000.292 6.02 6.40 5.99
2000.375 6.27 6.81 6.44
2000.458 6.53 6.48 6.10
2000.542 6.54 6.34 6.05
2000.625 6.50 6.23 5.83
2000.708 6.52 6.08 5.80
2000.792 6.51 5.91 5.74
2000.875 6.51 5.88 5.72
2000.958 6.40 5.35 5.24
2001.042 5.98 4.76 5.16
2001.125 5.49 4.66 5.10
2001.208 5.31 4.34 4.89
2001.292 4.80 4.23 5.14
2001.375 4.21 4.26 5.39
2001.458 3.97 4.08 5.28
2001.542 3.77 4.04 5.24
2001.625 3.65 3.76 4.97
2001.708 3.07 3.12 4.73
2001.792 2.49 2.73 4.57
2001.875 2.09 2.78 4.65
2001.958 1.82 3.11 5.09
2002.042 1.73 3.03 5.04
2002.125 1.74 3.02 4.91
2002.208 1.73 3.56 5.28
2002.292 1.75 3.42 5.21
2002.375 1.75 3.26 5.16
2002.458 1.75 2.99 4.93
2002.542 1.73 2.56 4.65
2002.625 1.74 2.13 4.26
2002.708 1.75 2.00 3.87
2002.792 1.75 1.91 3.94
2002.875 1.34 1.92 4.05
2002.958 1.24 1.84 4.03
2003.042 1.24 1.74 4.05
2003.125 1.26 1.63 3.90
2003.208 1.25 1.57 3.81
2003.292 1.26 1.62 3.96
2003.375 1.26 1.42 3.57
2003.458 1.22 1.23 3.33
2003.542 1.01 1.47 3.98
2003.625 1.03 1.86 4.45
2003.708 1.01 1.71 4.27
2003.792 1.01 1.75 4.29
2003.875 1.00 1.93 4.30
2003.958 0.98 1.91 4.27
2004.042 1.00 1.76 4.15
2004.125 1.01 1.74 4.08
2004.208 1.00 1.58 3.83
2004.292 1.00 2.07 4.35
2004.375 1.00 2.53 4.72
2004.458 1.03 2.76 4.73
2004.542 1.26 2.64 4.50
2004.625 1.43 2.51 4.28
2004.708 1.61 2.53 4.13
2004.792 1.76 2.58 4.10
2004.875 1.93 2.85 4.19
2004.958 2.16 3.01 4.23
2005.042 2.28 3.22 4.22
2005.125 2.50 3.38 4.17
2005.208 2.63 3.73 4.50
2005.292 2.79 3.65 4.34
2005.375 3.00 3.64 4.14
2005.458 3.04 3.64 4.00
2005.542 3.26 3.87 4.18
2005.625 3.50 4.04 4.26
2005.708 3.62 3.95 4.20
2005.792 3.78 4.27 4.46
2005.875 4.00 4.42 4.54
2005.958 4.16 4.40 4.47
2006.042 4.29 4.40 4.42
2006.125 4.49 4.67 4.57
2006.208 4.59 4.73 4.72
2006.292 4.79 4.89 4.99
2006.375 4.94 4.97 5.11
2006.458 4.99 5.12 5.11
2006.542 5.24 5.12 5.09
2006.625 5.25 4.90 4.88
2006.708 5.25 4.77 4.72
2006.792 5.25 4.80 4.73
2006.875 5.25 4.74 4.60
2006.958 5.24 4.67 4.56
2007.042 5.25 4.88 4.76
2007.125 5.26 4.85 4.72
2007.208 5.26 4.57 4.56
2007.292 5.25 4.67 4.69
2007.375 5.25 4.77 4.75
2007.458 5.25 4.98 5.10
2007.542 5.26 4.82 5.00
2007.625 5.02 4.31 4.67
2007.708 4.94 4.01 4.52
2007.792 4.76 3.97 4.53
2007.875 4.49 3.34 4.15
2007.958 4.24 3.12 4.10
2008.042 3.94 2.48 3.74
2008.125 2.98 1.97 3.74
2008.208 2.61 1.62 3.51
2008.292 2.28 2.05 3.67
2008.375 1.98 2.45 3.88
2008.458 2.00 2.77 4.10
2008.542 2.01 2.57 4.01
2008.625 2.00 2.42 3.89
2008.708 1.81 2.08 3.69
2008.792 0.97 1.61 3.81
2008.875 0.39 1.21 3.53
2008.958 0.16 0.82 2.42
2009.042 0.15 0.81 2.52
2009.125 0.22 0.98 2.87
2009.208 0.18 0.93 2.82
2009.292 0.15 0.93 2.93
2009.375 0.18 0.93 3.29
2009.458 0.21 1.18 3.72
2009.542 0.16 1.02 3.56
2009.625 0.16 1.12 3.59
2009.708 0.15 0.96 3.40
2009.792 0.12 0.95 3.39
2009.875 0.12 0.80 3.40
2009.958 0.12 0.87 3.59
2010.042 0.11 0.93 3.73
2010.125 0.13 0.86 3.69
2010.208 0.16 0.96 3.73
2010.292 0.20 1.06 3.85
2010.375 0.20 0.83 3.42
2010.458 0.18 0.72 3.20
2010.542 0.18 0.62 3.01
2010.625 0.19 0.52 2.70
2010.708 0.19 0.48 2.65
2010.792 0.19 0.38 2.54
2010.875 0.19 0.45 2.76
2010.958 0.18 0.62 3.29
2011.042 0.17 0.61 3.39
2011.125 0.16 0.77 3.58
2011.208 0.14 0.70 3.41
2011.292 0.10 0.73 3.45
2011.375 0.09 0.56 3.17
2011.458 0.09 0.41 3.00
2011.542 0.07 0.41 3.00
2011.625 0.10 0.23 2.30
2011.708 0.08 0.21 1.98
2011.792 0.07 0.28 2.15
2011.875 0.08 0.25 2.01
2011.958 0.07 0.26 1.98
2012.042 0.08 0.24 1.97
2012.125 0.10 0.28 1.97
2012.208 0.13 0.34 2.17
2012.292 0.14 0.29 2.05
2012.375 0.16 0.29 1.80
2012.458 0.16 0.29 1.62
2012.542 0.16 0.25 1.53
2012.625 0.13 0.27 1.68
2012.708 0.14 0.26 1.72
2012.792 0.16 0.28 1.75
2012.875 0.16 0.27 1.65
2012.958 0.16 0.26 1.72
2013.042 0.14 0.27 1.91
2013.125 0.15 0.27 1.98
2013.208 0.14 0.26 1.96
2013.292 0.15 0.23 1.76
2013.375 0.11 0.25 1.93
2013.458 0.09 0.33 2.30
2013.542 0.09 0.34 2.58
2013.625 0.08 0.36 2.74
2013.708 0.08 0.40 2.81
2013.792 0.09 0.34 2.62
2013.875 0.08 0.30 2.72
2013.958 0.09 0.34 2.90
2014.042 0.07 0.39 2.86
2014.125 0.07 0.33 2.71
2014.208 0.08 0.40 2.72
2014.292 0.09 0.42 2.71
2014.375 0.09 0.39 2.56
2014.458 0.10 0.45 2.60
2014.542 0.09 0.51 2.54
2014.625 0.09 0.47 2.42
2014.708 0.09 0.57 2.53
2014.792 0.09 0.45 2.30
2014.875 0.09 0.53 2.33
2014.958 0.12 0.64 2.21
2015.042 0.11 0.55 1.88
2015.125 0.11 0.62 1.98
2015.208 0.11 0.64 2.04
2015.292 0.12 0.54 1.94
2015.375 0.12 0.61 2.20
2015.458 0.13 0.69 2.36
2015.542 0.13 0.67 2.32
2015.625 0.14 0.70 2.17
2015.708 0.14 0.71 2.17
2015.792 0.12 0.64 2.07
2015.875 0.12 0.88 2.26
2015.958 0.24 0.98 2.24
2016.042 0.34 0.90 2.09
2016.125 0.38 0.73 1.78
2016.208 0.36 0.88 1.89
2016.292 0.37 0.77 1.81
2016.375 0.37 0.82 1.81
2016.458 0.38 0.73 1.64
2016.542 0.39 0.67 1.50
2016.625 0.40 0.74 1.56
2016.708 0.40 0.77 1.63
2016.792 0.40 0.84 1.76
2016.875 0.41 0.98 2.14
2016.958 0.54 1.20 2.49
2017.042 0.65 1.21 2.43
2017.125 0.66 1.20 2.42
2017.208 0.79 1.31 2.48
2017.292 0.90 1.24 2.30
2017.375 0.91 1.30 2.30
2017.458 1.04 1.34 2.19
2017.542 1.15 1.37 2.32
2017.625 1.16 1.34 2.21
2017.708 1.15 1.38 2.20
2017.792 1.15 1.55 2.36
2017.875 1.16 1.70 2.35
2017.958 1.30 1.84 2.40
2018.042 1.41 2.03 2.58
2018.125 1.42 2.18 2.86
2018.208 1.51 2.28 2.84
2018.292 1.69 2.38 2.87
2018.375 1.70 2.51 2.98
2018.458 1.82 2.53 2.91
2018.542 1.91 2.61 2.89
2018.625 1.91 2.64 2.89
2018.708 1.95 2.77 3.00
2018.792 2.19 2.86 3.15
2018.875 2.20 2.86 3.12
2018.958 2.27 2.68 2.83
2019.042 2.40 2.54 2.71
2019.125 2.40 2.50 2.68
2019.208 2.41 2.41 2.57
2019.292 2.42 2.34 2.53
2019.375 2.39 2.21 2.40
2019.458 2.38 1.81 2.07
2019.542 2.40 1.84 2.06
2019.625 2.13 1.57 1.63
2019.708 2.04 1.65 1.70
2019.792 1.83 1.55 1.71
2019.875 1.55 1.61 1.81
2019.958 1.55 1.61 1.86
2020.042 1.55 1.52 1.76
2020.125 1.58 1.33 1.50
2020.208 0.65 0.45 0.87
2020.292 0.05 0.22 0.66
2020.375 0.05 0.17 0.67
2020.458 0.08 0.19 0.73
2020.542 0.09 0.15 0.62
2020.625 0.10 0.14 0.65
2020.708 0.09 0.13 0.68
2020.792 0.09 0.15 0.79
2020.875 0.09 0.17 0.87
2020.958 0.09 0.14 0.93
2021.042 0.09 0.13 1.08
2021.125 0.08 0.12 1.26
2021.208 0.07 0.15 1.61
2021.292 0.07 0.16 1.64
2021.375 0.06 0.15 1.62
2021.458 0.08 0.20 1.52
2021.542 0.10 0.22 1.32
2021.625 0.09 0.22 1.28
2021.708 0.08 0.24 1.37
2021.792 0.08 0.39 1.58
2021.875 0.08 0.51 1.56
2021.958 0.08 0.68 1.46
2022.042 0.08 0.98 1.76
2022.125 0.08 1.44 1.93
2022.208 0.20 1.91 2.13
2022.292 0.33 2.54 2.75
2022.375 0.77 2.62 2.90
2022.458 1.21 3.00 3.14
2022.542 1.68 3.04 2.90
2022.625 2.33 3.25 2.90
2022.708 2.56 3.86 3.52
2022.792 3.08 4.38 3.98
2022.875 3.78 4.50 3.89
2022.958 4.10 4.29 3.62
2023.042 4.33 4.21 3.53
2023.125 4.57 4.53 3.75
2023.208 4.65 4.30 3.66
2023.292 4.83 4.02 3.46
2023.375 5.06 4.13 3.57
2023.458 5.08 4.64 3.75
2023.542 5.12 4.83 3.90
2023.625 5.33 4.90 4.17
2023.708 5.33 5.02 4.38
2023.792 5.33 5.07 4.80
2023.875 5.33 4.88 4.50
2023.958 5.33 4.46 4.02
2024.042 5.33 4.32 4.06
2024.125 5.33 4.54 4.21
2024.208 5.33 4.59 4.21
2024.292 5.33 4.87 4.54
2024.375 5.33 4.86 4.48
2024.458 5.33 4.74 4.31
2024.542 5.33 4.50 4.25
2024.625 5.33 3.97 3.87
2024.708 5.13 3.62 3.72
2024.792 4.83 3.97 4.10
2024.875 4.64 4.26 4.36
2024.958 4.48 4.23 4.39
2025.042 4.33 4.27 4.63
2025.125 4.33 4.21 4.45
2025.208 4.33 3.97 4.28
2025.292 4.33 3.78 4.28
2025.375 4.33 3.92 4.42
2025.458 4.33 3.89 4.38
2025.542 4.33 3.88 4.39
2025.625 4.33 3.70 4.26
2025.708 4.22 3.57 4.12
2025.792 4.09 3.52 4.06
2025.875 3.88 3.55 4.09
2025.958 3.72 3.50 4.14
2026.042 3.64 3.54 4.21
2026.125 3.64 3.47 4.13
2026.208 3.64 3.71 4.25
2026.292 3.64 3.80 4.32
2026.375 3.63 4.00 4.48
2026.458 3.63 4.11 4.47
2026.542 3.63 4.22 4.60
2026.625 3.63 4.22 4.68
2026.708 3.71 4.60 4.93
