% NVDA, source data_fm_intro1.Rdata (18.642 FM_Intro1), weekly closes; t = decimal year
t p
2011.0164 0.46
2011.0356 0.54
2011.0548 0.51
2011.0739 0.54
2011.0931 0.59
2011.1123 0.54
2011.1314 0.59
2011.1506 0.53
2011.1697 0.48
2011.1889 0.41
2011.2081 0.40
2011.2272 0.43
2011.2464 0.42
2011.2656 0.40
2011.2847 0.43
2011.3039 0.42
2011.3231 0.46
2011.3422 0.44
2011.3614 0.42
2011.3806 0.41
2011.3997 0.45
2011.4189 0.42
2011.4381 0.39
2011.4572 0.36
2011.4764 0.36
2011.4956 0.37
2011.5147 0.35
2011.5339 0.32
2011.5530 0.34
2011.5722 0.32
2011.5914 0.30
2011.6105 0.30
2011.6297 0.27
2011.6489 0.30
2011.6680 0.30
2011.6872 0.32
2011.7064 0.35
2011.7255 0.32
2011.7447 0.29
2011.7639 0.32
2011.7830 0.36
2011.8022 0.33
2011.8214 0.36
2011.8405 0.34
2011.8597 0.34
2011.8789 0.32
2011.8980 0.32
2011.9172 0.36
2011.9363 0.34
2011.9555 0.31
2011.9747 0.32
2011.9938 0.32
2012.0137 0.33
2012.0329 0.31
2012.0520 0.33
2012.0712 0.34
2012.0903 0.36
2012.1095 0.36
2012.1287 0.36
2012.1478 0.36
2012.1670 0.35
2012.1862 0.34
2012.2053 0.33
2012.2245 0.33
2012.2437 0.35
2012.2628 0.34
2012.2820 0.32
2012.3012 0.31
2012.3203 0.30
2012.3395 0.28
2012.3587 0.30
2012.3778 0.28
2012.3970 0.28
2012.4162 0.27
2012.4353 0.28
2012.4545 0.28
2012.4736 0.30
2012.4928 0.32
2012.5120 0.31
2012.5311 0.29
2012.5503 0.29
2012.5695 0.31
2012.5886 0.31
2012.6078 0.34
2012.6270 0.34
2012.6461 0.33
2012.6653 0.32
2012.6845 0.31
2012.7036 0.32
2012.7228 0.31
2012.7420 0.31
2012.7611 0.30
2012.7803 0.29
2012.7995 0.28
2012.8186 0.28
2012.8378 0.29
2012.8569 0.28
2012.8761 0.26
2012.8953 0.27
2012.9144 0.28
2012.9336 0.28
2012.9528 0.29
2012.9719 0.29
2012.9911 0.28
2013.0082 0.30
2013.0274 0.28
2013.0465 0.28
2013.0657 0.29
2013.0849 0.29
2013.1040 0.29
2013.1232 0.29
2013.1424 0.29
2013.1615 0.30
2013.1807 0.30
2013.1999 0.29
2013.2190 0.29
2013.2382 0.30
2013.2574 0.29
2013.2765 0.30
2013.2957 0.29
2013.3149 0.31
2013.3340 0.32
2013.3532 0.34
2013.3723 0.35
2013.3915 0.34
2013.4107 0.34
2013.4298 0.34
2013.4490 0.33
2013.4682 0.34
2013.4873 0.33
2013.5065 0.33
2013.5257 0.34
2013.5448 0.33
2013.5640 0.33
2013.5832 0.34
2013.6023 0.34
2013.6215 0.35
2013.6407 0.35
2013.6598 0.35
2013.6790 0.35
2013.6982 0.37
2013.7173 0.37
2013.7365 0.37
2013.7556 0.37
2013.7748 0.36
2013.7940 0.37
2013.8131 0.36
2013.8323 0.36
2013.8515 0.36
2013.8706 0.38
2013.8898 0.36
2013.9090 0.37
2013.9281 0.36
2013.9473 0.35
2013.9665 0.37
2013.9856 0.37
2014.0055 0.37
2014.0246 0.37
2014.0438 0.38
2014.0630 0.37
2014.0821 0.37
2014.1013 0.37
2014.1205 0.42
2014.1396 0.44
2014.1588 0.44
2014.1780 0.43
2014.1971 0.42
2014.2163 0.44
2014.2355 0.42
2014.2546 0.43
2014.2738 0.43
2014.2930 0.44
2014.3121 0.44
2014.3313 0.44
2014.3504 0.43
2014.3696 0.43
2014.3888 0.44
2014.4079 0.45
2014.4271 0.45
2014.4463 0.47
2014.4654 0.45
2014.4846 0.44
2014.5038 0.45
2014.5229 0.45
2014.5421 0.44
2014.5613 0.42
2014.5804 0.42
2014.5996 0.45
2014.6188 0.45
2014.6379 0.46
2014.6571 0.46
2014.6762 0.48
2014.6954 0.46
2014.7146 0.46
2014.7337 0.44
2014.7529 0.44
2014.7721 0.40
2014.7912 0.42
2014.8104 0.44
2014.8296 0.47
2014.8487 0.47
2014.8679 0.47
2014.8871 0.49
2014.9062 0.50
2014.9254 0.51
2014.9446 0.47
2014.9637 0.49
2014.9829 0.49
2015.0027 0.48
2015.0219 0.48
2015.0411 0.48
2015.0602 0.50
2015.0794 0.46
2015.0986 0.49
2015.1177 0.54
2015.1369 0.54
2015.1561 0.53
2015.1752 0.54
2015.1944 0.55
2015.2136 0.57
2015.2327 0.52
2015.2519 0.51
2015.2710 0.55
2015.2902 0.53
2015.3094 0.53
2015.3285 0.55
2015.3477 0.50
2015.3669 0.51
2015.3860 0.50
2015.4052 0.54
2015.4244 0.54
2015.4435 0.51
2015.4627 0.53
2015.4819 0.50
2015.5010 0.49
2015.5202 0.48
2015.5394 0.49
2015.5585 0.47
2015.5777 0.48
2015.5969 0.56
2015.6160 0.57
2015.6352 0.52
2015.6543 0.55
2015.6735 0.53
2015.6927 0.55
2015.7118 0.57
2015.7310 0.57
2015.7502 0.60
2015.7693 0.63
2015.7885 0.68
2015.8077 0.70
2015.8268 0.69
2015.8460 0.77
2015.8652 0.72
2015.8843 0.77
2015.9035 0.77
2015.9227 0.82
2015.9418 0.79
2015.9610 0.78
2015.9802 0.81
2016.0000 0.80
2016.0192 0.72
2016.0383 0.66
2016.0575 0.69
2016.0767 0.71
2016.0958 0.64
2016.1150 0.63
2016.1342 0.74
2016.1533 0.77
2016.1725 0.80
2016.1916 0.79
2016.2108 0.83
2016.2300 0.84
2016.2491 0.89
2016.2683 0.87
2016.2875 0.91
2016.3066 0.89
2016.3258 0.87
2016.3450 0.87
2016.3641 1.00
2016.3833 1.09
2016.4025 1.13
2016.4216 1.14
2016.4408 1.13
2016.4600 1.15
2016.4791 1.12
2016.4983 1.15
2016.5175 1.25
2016.5366 1.29
2016.5558 1.34
2016.5749 1.40
2016.5941 1.43
2016.6133 1.55
2016.6324 1.53
2016.6516 1.53
2016.6708 1.54
2016.6899 1.46
2016.7091 1.55
2016.7283 1.60
2016.7474 1.69
2016.7666 1.64
2016.7858 1.62
2016.8049 1.66
2016.8241 1.74
2016.8433 1.66
2016.8624 2.16
2016.8816 2.30
2016.9008 2.32
2016.9199 2.18
2016.9391 2.26
2016.9582 2.47
2016.9774 2.70
2016.9966 2.63
2017.0137 2.54
2017.0329 2.55
2017.0520 2.56
2017.0712 2.75
2017.0903 2.82
2017.1095 2.80
2017.1287 2.64
2017.1478 2.50
2017.1670 2.43
2017.1862 2.45
2017.2053 2.62
2017.2245 2.65
2017.2437 2.69
2017.2628 2.48
2017.2820 2.36
2017.3012 2.51
2017.3203 2.57
2017.3395 2.56
2017.3587 3.15
2017.3778 3.36
2017.3970 3.50
2017.4162 3.55
2017.4353 3.69
2017.4545 3.74
2017.4736 3.80
2017.4928 3.57
2017.5120 3.62
2017.5311 4.07
2017.5503 4.15
2017.5695 4.06
2017.5886 4.13
2017.6078 3.85
2017.6270 3.99
2017.6461 4.05
2017.6653 4.21
2017.6845 4.05
2017.7036 4.45
2017.7228 4.42
2017.7420 4.42
2017.7611 4.48
2017.7803 4.81
2017.7995 4.87
2017.8186 4.99
2017.8378 5.16
2017.8569 5.34
2017.8761 5.22
2017.8953 5.37
2017.9144 4.89
2017.9336 4.74
2017.9528 4.74
2017.9719 4.83
2017.9911 4.79
2018.0110 5.33
2018.0301 5.52
2018.0493 5.69
2018.0684 6.02
2018.0876 5.78
2018.1068 5.74
2018.1259 6.03
2018.1451 6.09
2018.1643 5.85
2018.1834 6.07
2018.2026 6.20
2018.2218 5.77
2018.2409 5.73
2018.2601 5.30
2018.2793 5.73
2018.2984 5.66
2018.3176 5.60
2018.3368 5.92
2018.3559 6.30
2018.3751 6.09
2018.3943 6.17
2018.4134 6.38
2018.4326 6.50
2018.4517 6.57
2018.4709 6.21
2018.4901 5.87
2018.5092 6.12
2018.5284 6.17
2018.5476 6.21
2018.5667 6.24
2018.5859 6.24
2018.6051 6.31
2018.6242 6.06
2018.6434 6.74
2018.6626 6.95
2018.6817 6.74
2018.7009 6.85
2018.7201 6.53
2018.7392 6.96
2018.7584 6.69
2018.7775 6.11
2018.7967 5.68
2018.8159 4.91
2018.8350 5.33
2018.8542 5.10
2018.8734 4.07
2018.8925 3.59
2018.9117 4.05
2018.9309 3.66
2018.9500 3.63
2018.9692 3.21
2018.9884 3.31
2019.0082 3.38
2019.0274 3.69
2019.0465 3.89
2019.0657 3.97
2019.0849 3.59
2019.1040 3.68
2019.1232 3.90
2019.1424 3.95
2019.1615 3.88
2019.1807 3.74
2019.1999 4.22
2019.2190 4.41
2019.2382 4.46
2019.2574 4.74
2019.2765 4.72
2019.2957 4.63
2019.3149 4.42
2019.3340 4.54
2019.3532 4.19
2019.3723 3.89
2019.3915 3.60
2019.4107 3.37
2019.4298 3.62
2019.4490 3.60
2019.4682 3.77
2019.4873 4.08
2019.5065 3.98
2019.5257 4.17
2019.5448 4.19
2019.5640 4.35
2019.5832 4.01
2019.6023 3.83
2019.6215 3.97
2019.6407 4.04
2019.6598 4.17
2019.6790 4.45
2019.6982 4.53
2019.7173 4.30
2019.7365 4.27
2019.7556 4.53
2019.7748 4.63
2019.7940 4.74
2019.8131 5.09
2019.8323 5.04
2019.8515 5.17
2019.8706 5.08
2019.8898 5.25
2019.9090 5.40
2019.9281 5.28
2019.9473 5.58
2019.9665 5.96
2019.9856 5.90
2020.0055 5.88
2020.0246 6.08
2020.0438 6.21
2020.0630 6.24
2020.0821 5.89
2020.1013 6.26
2020.1205 7.22
2020.1396 7.32
2020.1588 6.73
2020.1780 6.63
2020.1971 6.00
2020.2163 5.13
2020.2355 6.30
2020.2546 6.08
2020.2738 6.55
2020.2930 7.28
2020.3121 7.21
2020.3313 7.05
2020.3504 7.79
2020.3696 8.46
2020.3888 9.00
2020.4079 8.85
2020.4271 8.89
2020.4463 8.91
2020.4654 9.23
2020.4846 9.13
2020.5038 9.58
2020.5229 10.45
2020.5421 10.17
2020.5613 10.16
2020.5804 10.58
2020.5996 11.17
2020.6188 11.53
2020.6379 12.65
2020.6571 13.11
2020.6762 12.59
2020.6954 12.13
2020.7146 12.16
2020.7337 12.84
2020.7529 13.03
2020.7721 13.73
2020.7912 13.77
2020.8104 13.55
2020.8296 12.50
2020.8487 14.52
2020.8679 13.26
2020.8871 13.05
2020.9062 13.23
2020.9254 13.53
2020.9446 12.98
2020.9637 13.24
2020.9829 12.96
2021.0000 13.02
2021.0192 13.25
2021.0383 12.83
2021.0575 13.68
2021.0767 12.96
2021.0958 13.56
2021.1150 14.93
2021.1342 14.89
2021.1533 13.68
2021.1725 12.43
2021.1916 12.83
2021.2108 12.82
2021.2300 12.81
2021.2491 13.78
2021.2683 14.37
2021.2875 15.88
2021.3066 15.23
2021.3258 14.98
2021.3450 14.78
2021.3641 14.21
2021.3833 14.96
2021.4025 16.21
2021.4216 17.54
2021.4408 17.79
2021.4600 18.61
2021.4791 19.00
2021.4983 20.45
2021.5175 20.01
2021.5366 18.13
2021.5558 19.52
2021.5749 19.46
2021.5941 20.33
2021.6133 20.15
2021.6324 20.78
2021.6516 22.60
2021.6708 22.81
2021.6899 22.44
2021.7091 21.86
2021.7283 22.05
2021.7474 20.71
2021.7666 20.80
2021.7858 21.83
2021.8049 22.69
2021.8241 25.53
2021.8433 29.70
2021.8624 30.34
2021.8816 32.93
2021.9008 31.45
2021.9199 30.65
2021.9391 30.15
2021.9582 27.76
2021.9774 29.60
2021.9966 29.37
2022.0164 27.21
2022.0356 26.90
2022.0548 23.34
2022.0739 22.81
2022.0931 24.28
2022.1123 23.91
2022.1314 23.61
2022.1506 24.12
2022.1697 22.91
2022.1889 22.07
2022.2081 26.42
2022.2272 27.66
2022.2464 26.68
2022.2656 23.09
2022.2847 21.23
2022.3039 19.49
2022.3231 18.52
2022.3422 18.65
2022.3614 17.68
2022.3806 16.67
2022.3997 18.79
2022.4189 18.69
2022.4381 16.95
2022.4572 15.86
2022.4764 17.11
2022.4956 14.51
2022.5147 15.82
2022.5339 15.74
2022.5530 17.30
2022.5722 18.14
2022.5914 18.97
2022.6105 18.69
2022.6297 17.83
2022.6489 16.24
2022.6680 13.63
2022.6872 14.38
2022.7064 13.19
2022.7255 12.51
2022.7447 12.13
2022.7639 12.07
2022.7830 11.22
2022.8022 12.46
2022.8214 13.82
2022.8405 14.14
2022.8597 16.31
2022.8789 15.40
2022.8980 16.26
2022.9172 16.87
2022.9363 16.99
2022.9555 16.56
2022.9747 15.20
2022.9938 14.61
2023.0137 14.85
2023.0329 16.89
2023.0520 17.83
2023.0712 20.35
2023.0903 21.09
2023.1095 21.25
2023.1287 21.38
2023.1478 23.27
2023.1670 23.88
2023.1862 22.96
2023.2053 25.71
2023.2245 26.77
2023.2437 27.77
2023.2628 27.03
2023.2820 26.75
2023.3012 27.11
2023.3203 27.74
2023.3395 28.67
2023.3587 28.33
2023.3778 31.25
2023.3970 38.93
2023.4162 39.31
2023.4353 38.76
2023.4545 42.68
2023.4736 42.20
2023.4928 42.29
2023.5120 42.49
2023.5311 45.46
2023.5503 44.30
2023.5695 46.74
2023.5886 44.67
2023.6078 40.84
2023.6270 43.29
2023.6461 46.00
2023.6653 48.49
2023.6845 45.56
2023.7036 43.89
2023.7228 41.60
2023.7420 43.49
2023.7611 45.75
2023.7803 45.45
2023.7995 41.38
2023.8186 40.49
2023.8378 45.00
2023.8569 48.32
2023.8761 49.29
2023.8953 47.77
2023.9144 46.75
2023.9336 47.50
2023.9528 48.88
2023.9719 48.82
2023.9911 49.52
2024.0110 49.09
2024.0301 54.70
2024.0493 59.48
2024.0684 61.02
2024.0876 66.15
2024.1068 72.12
2024.1259 72.60
2024.1451 78.81
2024.1643 82.27
2024.1834 87.52
2024.2026 87.83
2024.2218 94.28
2024.2409 90.35
2024.2601 88.00
2024.2793 88.18
2024.2984 76.19
2024.3176 87.73
2024.3368 88.78
2024.3559 89.87
2024.3751 92.47
2024.3943 106.46
2024.4134 109.62
2024.4326 120.88
2024.4517 131.88
2024.4709 126.57
2024.4901 123.54
2024.5092 125.83
2024.5284 129.24
2024.5476 117.93
2024.5667 113.06
2024.5859 107.27
2024.6051 104.75
2024.6242 124.58
2024.6434 129.37
2024.6626 119.37
