% ^GSPC, source data_fm_intro1.Rdata (18.642 FM_Intro1), weekly closes; t = decimal year
t p
2011.0164 1271.50
2011.0356 1293.24
2011.0548 1283.35
2011.0739 1276.34
2011.0931 1310.87
2011.1123 1329.15
2011.1314 1343.01
2011.1506 1319.88
2011.1697 1321.15
2011.1889 1304.28
2011.2081 1279.21
2011.2272 1313.80
2011.2464 1332.41
2011.2656 1328.17
2011.2847 1319.68
2011.3039 1337.38
2011.3231 1363.61
2011.3422 1340.20
2011.3614 1337.77
2011.3806 1333.27
2011.3997 1331.10
2011.4189 1300.16
2011.4381 1270.98
2011.4572 1271.50
2011.4764 1268.45
2011.4956 1339.67
2011.5147 1343.80
2011.5339 1316.14
2011.5530 1345.02
2011.5722 1292.28
2011.5914 1199.38
2011.6105 1178.81
2011.6297 1123.53
2011.6489 1176.80
2011.6680 1173.97
2011.6872 1154.23
2011.7064 1216.01
2011.7255 1136.43
2011.7447 1131.42
2011.7639 1155.46
2011.7830 1224.58
2011.8022 1238.25
2011.8214 1285.09
2011.8405 1253.23
2011.8597 1263.85
2011.8789 1215.65
2011.8980 1158.67
2011.9172 1244.28
2011.9363 1255.19
2011.9555 1219.66
2011.9747 1265.33
2011.9938 1257.60
2012.0137 1277.81
2012.0329 1289.09
2012.0520 1315.38
2012.0712 1316.33
2012.0903 1344.90
2012.1095 1342.64
2012.1287 1361.23
2012.1478 1365.74
2012.1670 1369.63
2012.1862 1370.87
2012.2053 1404.17
2012.2245 1397.11
2012.2437 1408.47
2012.2628 1398.08
2012.2820 1370.26
2012.3012 1378.53
2012.3203 1403.36
2012.3395 1369.10
2012.3587 1353.39
2012.3778 1295.22
2012.3970 1317.82
2012.4162 1278.04
2012.4353 1325.66
2012.4545 1342.84
2012.4736 1335.02
2012.4928 1362.16
2012.5120 1354.68
2012.5311 1356.78
2012.5503 1362.66
2012.5695 1385.97
2012.5886 1390.99
2012.6078 1405.87
2012.6270 1418.16
2012.6461 1411.13
2012.6653 1406.58
2012.6845 1437.92
2012.7036 1465.77
2012.7228 1460.15
2012.7420 1440.67
2012.7611 1460.93
2012.7803 1428.59
2012.7995 1433.19
2012.8186 1411.94
2012.8378 1414.20
2012.8569 1379.85
2012.8761 1359.88
2012.8953 1409.15
2012.9144 1416.18
2012.9336 1418.07
2012.9528 1413.58
2012.9719 1430.15
2012.9911 1402.43
2013.0082 1466.47
2013.0274 1472.05
2013.0465 1485.98
2013.0657 1502.96
2013.0849 1513.17
2013.1040 1517.93
2013.1232 1519.79
2013.1424 1515.60
2013.1615 1518.20
2013.1807 1551.18
2013.1999 1560.70
2013.2190 1556.89
2013.2382 1569.19
2013.2574 1553.28
2013.2765 1588.85
2013.2957 1555.25
2013.3149 1582.24
2013.3340 1614.42
2013.3532 1633.70
2013.3723 1667.47
2013.3915 1649.60
2013.4107 1630.74
2013.4298 1643.38
2013.4490 1626.73
2013.4682 1592.43
2013.4873 1606.28
2013.5065 1631.89
2013.5257 1680.19
2013.5448 1692.09
2013.5640 1691.65
2013.5832 1709.67
2013.6023 1691.42
2013.6215 1655.83
2013.6407 1663.50
2013.6598 1632.97
2013.6790 1655.17
2013.6982 1687.99
2013.7173 1709.91
2013.7365 1691.75
2013.7556 1690.50
2013.7748 1703.20
2013.7940 1744.50
2013.8131 1759.77
2013.8323 1761.64
2013.8515 1770.61
2013.8706 1798.18
2013.8898 1804.76
2013.9090 1805.81
2013.9281 1805.09
2013.9473 1775.32
2013.9665 1818.32
2013.9856 1841.40
2014.0055 1831.37
2014.0246 1842.37
2014.0438 1838.70
2014.0630 1790.29
2014.0821 1782.59
2014.1013 1797.02
2014.1205 1838.63
2014.1396 1836.25
2014.1588 1859.45
2014.1780 1878.04
2014.1971 1841.13
2014.2163 1866.52
2014.2355 1857.62
2014.2546 1865.09
2014.2738 1815.69
2014.2930 1864.85
2014.3121 1863.40
2014.3313 1881.14
2014.3504 1878.48
2014.3696 1877.86
2014.3888 1900.53
2014.4079 1923.57
2014.4271 1949.44
2014.4463 1936.16
2014.4654 1962.87
2014.4846 1960.96
2014.5038 1985.44
2014.5229 1967.57
2014.5421 1978.22
2014.5613 1978.34
2014.5804 1925.15
2014.5996 1931.59
2014.6188 1955.06
2014.6379 1988.40
2014.6571 2003.37
2014.6762 2007.71
2014.6954 1985.54
2014.7146 2010.40
2014.7337 1982.85
2014.7529 1967.90
2014.7721 1906.13
2014.7912 1886.76
2014.8104 1964.58
2014.8296 2018.05
2014.8487 2031.92
2014.8679 2039.82
2014.8871 2063.50
2014.9062 2067.56
2014.9254 2075.37
2014.9446 2002.33
2014.9637 2070.65
2014.9829 2088.77
2015.0027 2058.20
2015.0219 2044.81
2015.0411 2019.42
2015.0602 2051.82
2015.0794 1994.99
2015.0986 2055.47
2015.1177 2096.99
2015.1369 2110.30
2015.1561 2104.50
2015.1752 2071.26
2015.1944 2053.40
2015.2136 2108.10
2015.2327 2061.02
2015.2519 2066.96
2015.2710 2102.06
2015.2902 2081.18
2015.3094 2117.69
2015.3285 2108.29
2015.3477 2116.10
2015.3669 2122.73
2015.3860 2126.06
2015.4052 2107.39
2015.4244 2092.83
2015.4435 2094.11
2015.4627 2109.99
2015.4819 2101.49
2015.5010 2076.78
2015.5202 2076.62
2015.5394 2126.64
2015.5585 2079.65
2015.5777 2103.84
2015.5969 2077.57
2015.6160 2091.54
2015.6352 1970.89
2015.6543 1988.87
2015.6735 1921.22
2015.6927 1961.05
2015.7118 1958.03
2015.7310 1931.34
2015.7502 1951.36
2015.7693 2014.89
2015.7885 2033.11
2015.8077 2075.15
2015.8268 2079.36
2015.8460 2099.20
2015.8652 2023.04
2015.8843 2089.17
2015.9035 2090.11
2015.9227 2091.69
2015.9418 2012.37
2015.9610 2005.55
2015.9802 2060.99
2016.0000 2043.94
2016.0192 1922.03
2016.0383 1880.33
2016.0575 1906.90
2016.0767 1940.24
2016.0958 1880.05
2016.1150 1864.78
2016.1342 1917.78
2016.1533 1948.05
2016.1725 1999.99
2016.1916 2022.19
2016.2108 2049.58
2016.2300 2035.94
2016.2491 2072.78
2016.2683 2047.60
2016.2875 2080.73
2016.3066 2091.58
2016.3258 2065.30
2016.3450 2057.14
2016.3641 2046.61
2016.3833 2052.32
2016.4025 2099.06
2016.4216 2099.13
2016.4408 2096.07
2016.4600 2071.22
2016.4791 2037.41
2016.4983 2102.95
2016.5175 2129.90
2016.5366 2161.74
2016.5558 2175.03
2016.5749 2173.60
2016.5941 2182.87
2016.6133 2184.05
2016.6324 2183.87
2016.6516 2169.04
2016.6708 2179.98
2016.6899 2127.81
2016.7091 2139.16
2016.7283 2164.69
2016.7474 2168.27
2016.7666 2153.74
2016.7858 2132.98
2016.8049 2141.16
2016.8241 2126.41
2016.8433 2085.18
2016.8624 2164.45
2016.8816 2181.90
2016.9008 2213.35
2016.9199 2191.95
2016.9391 2259.53
2016.9582 2258.07
2016.9774 2263.79
2016.9966 2238.83
2017.0137 2276.98
2017.0329 2274.64
2017.0520 2271.31
2017.0712 2294.69
2017.0903 2297.42
2017.1095 2316.10
2017.1287 2351.16
2017.1478 2367.34
2017.1670 2383.12
2017.1862 2372.60
2017.2053 2378.25
2017.2245 2343.98
2017.2437 2362.72
2017.2628 2355.54
2017.2820 2328.95
2017.3012 2348.69
2017.3203 2384.20
2017.3395 2399.29
2017.3587 2390.90
2017.3778 2381.73
2017.3970 2415.82
2017.4162 2439.07
2017.4353 2431.77
2017.4545 2433.15
2017.4736 2438.30
2017.4928 2423.41
2017.5120 2425.18
2017.5311 2459.27
2017.5503 2472.54
2017.5695 2472.10
2017.5886 2476.83
2017.6078 2441.32
2017.6270 2425.55
2017.6461 2443.05
2017.6653 2476.55
2017.6845 2461.43
2017.7036 2500.23
2017.7228 2502.22
2017.7420 2519.36
2017.7611 2549.33
2017.7803 2553.17
2017.7995 2575.21
2017.8186 2581.07
2017.8378 2587.84
2017.8569 2582.30
2017.8761 2578.85
2017.8953 2602.42
2017.9144 2642.22
2017.9336 2651.50
2017.9528 2675.81
2017.9719 2683.34
2017.9911 2673.61
2018.0110 2743.15
2018.0301 2786.24
2018.0493 2810.30
2018.0684 2872.87
2018.0876 2762.13
2018.1068 2619.55
2018.1259 2732.22
2018.1451 2747.30
2018.1643 2691.25
2018.1834 2786.57
2018.2026 2752.01
2018.2218 2588.26
2018.2409 2640.87
2018.2601 2604.47
2018.2793 2656.30
2018.2984 2670.14
2018.3176 2669.91
2018.3368 2663.42
2018.3559 2727.72
2018.3751 2712.97
2018.3943 2721.33
2018.4134 2734.62
2018.4326 2779.03
2018.4517 2779.66
2018.4709 2754.88
2018.4901 2718.37
2018.5092 2759.82
2018.5284 2801.31
2018.5476 2801.83
2018.5667 2818.82
2018.5859 2840.35
2018.6051 2833.28
2018.6242 2850.13
2018.6434 2874.69
2018.6626 2901.52
2018.6817 2871.68
2018.7009 2904.98
2018.7201 2929.67
2018.7392 2913.98
2018.7584 2885.57
2018.7775 2767.13
2018.7967 2767.78
2018.8159 2658.69
2018.8350 2723.06
2018.8542 2781.01
2018.8734 2736.27
2018.8925 2632.56
2018.9117 2760.17
2018.9309 2633.08
2018.9500 2599.95
2018.9692 2416.62
2018.9884 2485.74
2019.0082 2531.94
2019.0274 2596.26
2019.0465 2670.71
2019.0657 2664.76
2019.0849 2706.53
2019.1040 2707.88
2019.1232 2775.60
2019.1424 2792.67
2019.1615 2803.69
2019.1807 2743.07
2019.1999 2822.48
2019.2190 2800.71
2019.2382 2834.40
2019.2574 2892.74
2019.2765 2907.41
2019.2957 2905.03
2019.3149 2939.88
2019.3340 2945.64
2019.3532 2881.40
2019.3723 2859.53
2019.3915 2826.06
2019.4107 2752.06
2019.4298 2873.34
2019.4490 2886.98
2019.4682 2950.46
2019.4873 2941.76
2019.5065 2990.41
2019.5257 3013.77
2019.5448 2976.61
2019.5640 3025.86
2019.5832 2932.05
2019.6023 2918.65
2019.6215 2888.68
2019.6407 2847.11
2019.6598 2926.46
2019.6790 2978.71
2019.6982 3007.39
2019.7173 2992.07
2019.7365 2961.79
2019.7556 2952.01
2019.7748 2970.27
2019.7940 2986.20
2019.8131 3022.55
2019.8323 3066.91
2019.8515 3093.08
2019.8706 3120.46
2019.8898 3110.29
2019.9090 3140.98
2019.9281 3145.91
2019.9473 3168.80
2019.9665 3221.22
2019.9856 3240.02
2020.0055 3234.85
2020.0246 3265.35
2020.0438 3329.62
2020.0630 3295.47
2020.0821 3225.52
2020.1013 3327.71
2020.1205 3380.16
2020.1396 3337.75
2020.1588 2954.22
2020.1780 2972.37
2020.1971 2711.02
2020.2163 2304.92
2020.2355 2541.47
2020.2546 2488.65
2020.2738 2789.82
2020.2930 2874.56
2020.3121 2836.74
2020.3313 2830.71
2020.3504 2929.80
2020.3696 2863.70
2020.3888 2955.45
2020.4079 3044.31
2020.4271 3193.93
2020.4463 3041.31
2020.4654 3097.74
2020.4846 3009.05
2020.5038 3130.01
2020.5229 3185.04
2020.5421 3224.73
2020.5613 3215.63
2020.5804 3271.12
2020.5996 3351.28
2020.6188 3372.85
2020.6379 3397.16
2020.6571 3508.01
2020.6762 3426.96
2020.6954 3340.97
2020.7146 3319.47
2020.7337 3298.46
2020.7529 3348.42
2020.7721 3477.14
2020.7912 3483.81
2020.8104 3465.39
2020.8296 3269.96
2020.8487 3509.44
2020.8679 3585.15
2020.8871 3557.54
2020.9062 3638.35
2020.9254 3699.12
2020.9446 3663.46
2020.9637 3709.41
2020.9829 3703.06
2021.0000 3756.07
2021.0192 3824.68
2021.0383 3768.25
2021.0575 3841.47
2021.0767 3714.24
2021.0958 3886.83
2021.1150 3934.83
2021.1342 3906.71
2021.1533 3811.15
2021.1725 3841.94
2021.1916 3943.34
2021.2108 3913.10
2021.2300 3974.54
2021.2491 4019.87
2021.2683 4128.80
2021.2875 4185.47
2021.3066 4180.17
2021.3258 4181.17
2021.3450 4232.60
2021.3641 4173.85
2021.3833 4155.86
2021.4025 4204.11
2021.4216 4229.89
2021.4408 4247.44
2021.4600 4166.45
2021.4791 4280.70
2021.4983 4352.34
2021.5175 4369.55
2021.5366 4327.16
2021.5558 4411.79
2021.5749 4395.26
2021.5941 4436.52
2021.6133 4468.00
2021.6324 4441.67
2021.6516 4509.37
2021.6708 4535.43
2021.6899 4458.58
2021.7091 4432.99
2021.7283 4455.48
2021.7474 4357.04
2021.7666 4391.34
2021.7858 4471.37
2021.8049 4544.90
2021.8241 4605.38
2021.8433 4697.53
2021.8624 4682.85
2021.8816 4697.96
2021.9008 4594.62
2021.9199 4538.43
2021.9391 4712.02
2021.9582 4620.64
2021.9774 4725.79
2021.9966 4766.18
2022.0164 4677.03
2022.0356 4662.85
2022.0548 4397.94
2022.0739 4431.85
2022.0931 4500.53
2022.1123 4418.64
2022.1314 4348.87
2022.1506 4384.65
2022.1697 4328.87
2022.1889 4204.31
2022.2081 4463.12
2022.2272 4543.06
2022.2464 4545.86
2022.2656 4488.28
2022.2847 4392.59
2022.3039 4271.78
2022.3231 4131.93
2022.3422 4123.34
2022.3614 4023.89
2022.3806 3901.36
2022.3997 4158.24
2022.4189 4108.54
2022.4381 3900.86
2022.4572 3674.84
2022.4764 3911.74
2022.4956 3825.33
2022.5147 3899.38
2022.5339 3863.16
2022.5530 3961.63
2022.5722 4130.29
2022.5914 4145.19
2022.6105 4280.15
2022.6297 4228.48
2022.6489 4057.66
2022.6680 3924.26
2022.6872 4067.36
2022.7064 3873.33
2022.7255 3693.23
2022.7447 3585.62
2022.7639 3639.66
2022.7830 3583.07
2022.8022 3752.75
2022.8214 3901.06
2022.8405 3770.55
2022.8597 3992.93
2022.8789 3965.34
2022.8980 4026.12
2022.9172 4071.70
2022.9363 3934.38
2022.9555 3852.36
2022.9747 3844.82
2022.9938 3839.50
2023.0137 3895.08
2023.0329 3999.09
2023.0520 3972.61
2023.0712 4070.56
2023.0903 4136.48
2023.1095 4090.46
2023.1287 4079.09
2023.1478 3970.04
2023.1670 4045.64
2023.1862 3861.59
2023.2053 3916.64
2023.2245 3970.99
2023.2437 4109.31
2023.2628 4105.02
2023.2820 4137.64
2023.3012 4133.52
2023.3203 4169.48
2023.3395 4136.25
2023.3587 4124.08
2023.3778 4191.98
2023.3970 4205.45
2023.4162 4282.37
2023.4353 4298.86
2023.4545 4409.59
2023.4736 4348.33
2023.4928 4450.38
2023.5120 4398.95
2023.5311 4505.42
2023.5503 4536.34
2023.5695 4582.23
2023.5886 4478.03
2023.6078 4464.05
2023.6270 4369.71
2023.6461 4405.71
2023.6653 4515.77
2023.6845 4457.49
2023.7036 4450.32
2023.7228 4320.06
2023.7420 4288.05
2023.7611 4308.50
2023.7803 4327.78
2023.7995 4224.16
2023.8186 4117.37
2023.8378 4358.34
2023.8569 4415.24
2023.8761 4514.02
2023.8953 4559.34
2023.9144 4594.63
2023.9336 4604.37
2023.9528 4719.19
2023.9719 4754.63
2023.9911 4769.83
2024.0110 4697.24
2024.0301 4783.83
2024.0493 4839.81
2024.0684 4890.97
2024.0876 4958.61
2024.1068 5026.61
2024.1259 5005.57
2024.1451 5088.80
2024.1643 5137.08
2024.1834 5123.69
2024.2026 5117.09
2024.2218 5234.18
2024.2409 5254.35
2024.2601 5204.34
2024.2793 5123.41
2024.2984 4967.23
2024.3176 5099.96
2024.3368 5127.79
2024.3559 5222.68
2024.3751 5303.27
2024.3943 5304.72
2024.4134 5277.51
2024.4326 5346.99
2024.4517 5431.60
2024.4709 5464.62
2024.4901 5460.48
2024.5092 5567.19
2024.5284 5615.35
2024.5476 5505.00
2024.5667 5459.10
2024.5859 5346.56
2024.6051 5344.16
2024.6242 5554.25
2024.6434 5634.61
2024.6626 5648.40
