% ^VIX, source data_fm_intro1.Rdata (18.642 FM_Intro1), weekly closes; t = decimal year
t p
2011.0164 17.14
2011.0356 15.46
2011.0548 18.47
2011.0739 20.04
2011.0931 15.93
2011.1123 15.69
2011.1314 16.43
2011.1506 19.22
2011.1697 19.06
2011.1889 20.08
2011.2081 24.44
2011.2272 17.91
2011.2464 17.40
2011.2656 17.87
2011.2847 15.32
2011.3039 14.69
2011.3231 14.75
2011.3422 18.40
2011.3614 17.07
2011.3806 17.43
2011.3997 15.98
2011.4189 17.95
2011.4381 18.86
2011.4572 21.85
2011.4764 21.10
2011.4956 15.87
2011.5147 15.95
2011.5339 19.53
2011.5530 17.52
2011.5722 25.25
2011.5914 32.00
2011.6105 36.36
2011.6297 43.05
2011.6489 35.59
2011.6680 33.92
2011.6872 38.52
2011.7064 30.98
2011.7255 41.25
2011.7447 42.96
2011.7639 36.20
2011.7830 28.24
2011.8022 31.32
2011.8214 24.53
2011.8405 30.16
2011.8597 30.04
2011.8789 32.00
2011.8980 34.47
2011.9172 27.52
2011.9363 26.38
2011.9555 24.29
2011.9747 20.73
2011.9938 23.40
2012.0137 20.63
2012.0329 20.91
2012.0520 18.28
2012.0712 18.53
2012.0903 17.10
2012.1095 20.79
2012.1287 17.78
2012.1478 17.31
2012.1670 17.29
2012.1862 17.11
2012.2053 14.47
2012.2245 14.82
2012.2437 15.50
2012.2628 16.70
2012.2820 19.55
2012.3012 17.44
2012.3203 16.32
2012.3395 19.16
2012.3587 19.89
2012.3778 25.10
2012.3970 21.76
2012.4162 26.66
2012.4353 21.23
2012.4545 21.11
2012.4736 18.11
2012.4928 17.08
2012.5120 17.10
2012.5311 16.74
2012.5503 16.27
2012.5695 16.70
2012.5886 15.64
2012.6078 14.74
2012.6270 13.45
2012.6461 15.18
2012.6653 17.47
2012.6845 14.38
2012.7036 14.51
2012.7228 13.98
2012.7420 15.73
2012.7611 14.33
2012.7803 16.14
2012.7995 17.06
2012.8186 17.81
2012.8378 17.59
2012.8569 18.61
2012.8761 16.41
2012.8953 15.14
2012.9144 15.87
2012.9336 15.90
2012.9528 17.00
2012.9719 17.84
2012.9911 22.72
2013.0082 13.83
2013.0274 13.36
2013.0465 12.46
2013.0657 12.89
2013.0849 12.90
2013.1040 13.02
2013.1232 12.46
2013.1424 14.17
2013.1615 15.36
2013.1807 12.59
2013.1999 11.30
2013.2190 13.57
2013.2382 12.70
2013.2574 13.92
2013.2765 12.06
2013.2957 14.97
2013.3149 13.61
2013.3340 12.85
2013.3532 12.59
2013.3723 12.45
2013.3915 13.99
2013.4107 16.30
2013.4298 15.14
2013.4490 17.15
2013.4682 18.90
2013.4873 16.86
2013.5065 14.89
2013.5257 13.84
2013.5448 12.54
2013.5640 12.72
2013.5832 11.98
2013.6023 13.41
2013.6215 14.37
2013.6407 13.98
2013.6598 17.01
2013.6790 15.85
2013.6982 14.16
2013.7173 13.12
2013.7365 15.46
2013.7556 16.74
2013.7748 15.72
2013.7940 13.04
2013.8131 13.09
2013.8323 13.28
2013.8515 12.90
2013.8706 12.19
2013.8898 12.26
2013.9090 13.70
2013.9281 13.79
2013.9473 15.76
2013.9665 13.79
2013.9856 12.46
2014.0055 13.76
2014.0246 12.14
2014.0438 12.44
2014.0630 18.14
2014.0821 18.41
2014.1013 15.29
2014.1205 13.57
2014.1396 14.68
2014.1588 14.00
2014.1780 14.11
2014.1971 17.82
2014.2163 15.00
2014.2355 14.41
2014.2546 13.96
2014.2738 17.03
2014.2930 13.36
2014.3121 14.06
2014.3313 12.91
2014.3504 12.92
2014.3696 12.44
2014.3888 11.36
2014.4079 11.40
2014.4271 10.73
2014.4463 12.18
2014.4654 10.85
2014.4846 11.26
2014.5038 10.32
2014.5229 12.08
2014.5421 12.06
2014.5613 12.69
2014.5804 17.03
2014.5996 15.77
2014.6188 13.15
2014.6379 11.47
2014.6571 12.09
2014.6762 12.09
2014.6954 13.31
2014.7146 12.11
2014.7337 14.85
2014.7529 14.55
2014.7721 21.24
2014.7912 21.99
2014.8104 16.11
2014.8296 14.03
2014.8487 13.12
2014.8679 13.31
2014.8871 12.90
2014.9062 13.33
2014.9254 11.89
2014.9446 21.08
2014.9637 16.49
2014.9829 14.50
2015.0027 17.79
2015.0219 17.55
2015.0411 20.95
2015.0602 16.66
2015.0794 20.97
2015.0986 17.29
2015.1177 14.69
2015.1369 14.30
2015.1561 13.34
2015.1752 15.20
2015.1944 16.00
2015.2136 13.02
2015.2327 15.07
2015.2519 14.67
2015.2710 12.58
2015.2902 13.89
2015.3094 12.29
2015.3285 12.70
2015.3477 12.86
2015.3669 12.38
2015.3860 12.13
2015.4052 13.84
2015.4244 14.21
2015.4435 13.78
2015.4627 13.96
2015.4819 14.02
2015.5010 16.79
2015.5202 16.83
2015.5394 11.95
2015.5585 13.74
2015.5777 12.12
2015.5969 13.39
2015.6160 12.83
2015.6352 28.03
2015.6543 26.05
2015.6735 27.80
2015.6927 23.20
2015.7118 22.28
2015.7310 23.62
2015.7502 20.94
2015.7693 17.08
2015.7885 15.05
2015.8077 14.46
2015.8268 15.07
2015.8460 14.33
2015.8652 20.08
2015.8843 15.47
2015.9035 15.12
2015.9227 14.81
2015.9418 24.39
2015.9610 20.70
2015.9802 15.74
2016.0000 18.21
2016.0192 27.01
2016.0383 27.02
2016.0575 22.34
2016.0767 20.20
2016.0958 23.38
2016.1150 25.40
2016.1342 20.53
2016.1533 19.81
2016.1725 16.86
2016.1916 16.50
2016.2108 14.02
2016.2300 14.74
2016.2491 13.10
2016.2683 15.36
2016.2875 13.62
2016.3066 13.22
2016.3258 15.70
2016.3450 14.72
2016.3641 15.04
2016.3833 15.20
2016.4025 13.12
2016.4216 13.47
2016.4408 17.03
2016.4600 19.41
2016.4791 25.76
2016.4983 14.77
2016.5175 13.20
2016.5366 12.67
2016.5558 12.02
2016.5749 11.87
2016.5941 11.39
2016.6133 11.55
2016.6324 11.34
2016.6516 13.65
2016.6708 11.98
2016.6899 17.50
2016.7091 15.37
2016.7283 12.29
2016.7474 13.29
2016.7666 13.48
2016.7858 16.12
2016.8049 13.34
2016.8241 16.19
2016.8433 22.51
2016.8624 14.17
2016.8816 12.85
2016.9008 12.34
2016.9199 14.12
2016.9391 11.75
2016.9582 12.20
2016.9774 11.44
2016.9966 14.04
2017.0137 11.32
2017.0329 11.23
2017.0520 11.54
2017.0712 10.58
2017.0903 10.97
2017.1095 10.85
2017.1287 11.49
2017.1478 11.47
2017.1670 10.96
2017.1862 11.66
2017.2053 11.28
2017.2245 12.96
2017.2437 12.37
2017.2628 12.87
2017.2820 15.96
2017.3012 14.63
2017.3203 10.82
2017.3395 10.57
2017.3587 10.40
2017.3778 12.04
2017.3970 9.81
2017.4162 9.75
2017.4353 10.70
2017.4545 10.38
2017.4736 10.02
2017.4928 11.18
2017.5120 11.19
2017.5311 9.51
2017.5503 9.36
2017.5695 10.29
2017.5886 10.03
2017.6078 15.51
2017.6270 14.26
2017.6461 11.28
2017.6653 10.13
2017.6845 12.12
2017.7036 10.17
2017.7228 9.59
2017.7420 9.51
2017.7611 9.65
2017.7803 9.61
2017.7995 9.97
2017.8186 9.80
2017.8378 9.14
2017.8569 11.29
2017.8761 11.43
2017.8953 9.67
2017.9144 11.43
2017.9336 9.58
2017.9528 9.42
2017.9719 9.90
2017.9911 11.04
2018.0110 9.22
2018.0301 10.16
2018.0493 11.27
2018.0684 11.08
2018.0876 17.31
2018.1068 29.06
2018.1259 19.46
2018.1451 16.49
2018.1643 19.59
2018.1834 14.64
2018.2026 15.80
2018.2218 24.87
2018.2409 19.97
2018.2601 21.49
2018.2793 17.41
2018.2984 16.88
2018.3176 15.41
2018.3368 14.77
2018.3559 12.65
2018.3751 13.42
2018.3943 13.22
2018.4134 13.46
2018.4326 12.18
2018.4517 11.98
2018.4709 13.77
2018.4901 16.09
2018.5092 13.37
2018.5284 12.18
2018.5476 12.86
2018.5667 13.03
2018.5859 11.64
2018.6051 13.16
2018.6242 12.64
2018.6434 11.99
2018.6626 12.86
2018.6817 14.88
2018.7009 12.07
2018.7201 11.68
2018.7392 12.12
2018.7584 14.82
2018.7775 21.31
2018.7967 19.89
2018.8159 24.16
2018.8350 19.51
2018.8542 17.36
2018.8734 18.14
2018.8925 21.52
2018.9117 18.07
2018.9309 23.23
2018.9500 21.63
2018.9692 30.11
2018.9884 28.34
2019.0082 21.38
2019.0274 18.19
2019.0465 17.80
2019.0657 17.42
2019.0849 16.14
2019.1040 15.72
2019.1232 14.91
2019.1424 13.51
2019.1615 13.57
2019.1807 16.05
2019.1999 12.88
2019.2190 16.48
2019.2382 13.71
2019.2574 12.82
2019.2765 12.01
2019.2957 12.09
2019.3149 12.73
2019.3340 12.87
2019.3532 16.04
2019.3723 15.96
2019.3915 15.85
2019.4107 18.71
2019.4298 16.30
2019.4490 15.28
2019.4682 15.40
2019.4873 15.08
2019.5065 13.28
2019.5257 12.39
2019.5448 14.45
2019.5640 12.16
2019.5832 17.61
2019.6023 17.97
2019.6215 18.47
2019.6407 19.87
2019.6598 18.98
2019.6790 15.00
2019.6982 13.74
2019.7173 15.32
2019.7365 17.22
2019.7556 17.04
2019.7748 15.58
2019.7940 14.25
2019.8131 12.65
2019.8323 12.30
2019.8515 12.07
2019.8706 12.05
2019.8898 12.34
2019.9090 12.62
2019.9281 13.62
2019.9473 12.63
2019.9665 12.51
2019.9856 13.43
2020.0055 14.02
2020.0246 12.56
2020.0438 12.10
2020.0630 14.56
2020.0821 18.84
2020.1013 15.47
2020.1205 13.68
2020.1396 17.08
2020.1588 40.11
2020.1780 41.94
2020.1971 57.83
2020.2163 66.04
2020.2355 65.54
2020.2546 46.80
2020.2738 41.67
2020.2930 38.15
2020.3121 35.93
2020.3313 37.19
2020.3504 27.98
2020.3696 31.89
2020.3888 28.16
2020.4079 27.51
2020.4271 24.52
2020.4463 36.09
2020.4654 35.12
2020.4846 34.73
2020.5038 27.68
2020.5229 27.29
2020.5421 25.68
2020.5613 25.84
2020.5804 24.46
2020.5996 22.21
2020.6188 22.05
2020.6379 22.54
2020.6571 22.96
2020.6762 30.75
2020.6954 26.87
2020.7146 25.83
2020.7337 26.38
2020.7529 27.63
2020.7721 25.00
2020.7912 27.41
2020.8104 27.55
2020.8296 38.02
2020.8487 24.86
2020.8679 23.10
2020.8871 23.70
2020.9062 20.84
2020.9254 20.79
2020.9446 23.31
2020.9637 21.57
2020.9829 21.53
2021.0000 22.75
2021.0192 21.56
2021.0383 24.34
2021.0575 21.91
2021.0767 33.09
2021.0958 20.87
2021.1150 19.97
2021.1342 22.05
2021.1533 27.95
2021.1725 24.66
2021.1916 20.69
2021.2108 20.95
2021.2300 18.86
2021.2491 17.33
2021.2683 16.69
2021.2875 16.25
2021.3066 17.33
2021.3258 18.61
2021.3450 16.69
2021.3641 18.81
2021.3833 20.15
2021.4025 16.76
2021.4216 16.42
2021.4408 15.65
2021.4600 20.70
2021.4791 15.62
2021.4983 15.07
2021.5175 16.18
2021.5366 18.45
2021.5558 17.20
2021.5749 18.24
2021.5941 16.15
2021.6133 15.45
2021.6324 18.56
2021.6516 16.39
2021.6708 16.41
2021.6899 20.95
2021.7091 20.81
2021.7283 17.75
2021.7474 21.10
2021.7666 18.77
2021.7858 16.30
2021.8049 15.43
2021.8241 16.26
2021.8433 16.48
2021.8624 16.29
2021.8816 17.91
2021.9008 28.62
2021.9199 30.67
2021.9391 18.69
2021.9582 21.57
2021.9774 17.96
2021.9966 17.22
2022.0164 18.76
2022.0356 19.19
2022.0548 28.85
2022.0739 27.66
2022.0931 23.22
2022.1123 27.36
2022.1314 27.75
2022.1506 27.59
2022.1697 31.98
2022.1889 30.75
2022.2081 23.87
2022.2272 20.81
2022.2464 19.63
2022.2656 21.16
2022.2847 22.70
2022.3039 28.21
2022.3231 33.40
2022.3422 30.19
2022.3614 28.87
2022.3806 29.43
2022.3997 25.72
2022.4189 24.79
2022.4381 27.75
2022.4572 31.13
2022.4764 27.23
2022.4956 26.70
2022.5147 24.64
2022.5339 24.23
2022.5530 23.03
2022.5722 21.33
2022.5914 21.15
2022.6105 19.53
2022.6297 20.60
2022.6489 25.56
2022.6680 25.47
2022.6872 22.79
2022.7064 26.30
2022.7255 29.92
2022.7447 31.62
2022.7639 31.36
2022.7830 32.02
2022.8022 29.69
2022.8214 25.75
2022.8405 24.55
2022.8597 22.52
2022.8789 23.12
2022.8980 20.50
2022.9172 19.06
2022.9363 22.83
2022.9555 22.62
2022.9747 20.87
2022.9938 21.67
2023.0137 21.13
2023.0329 18.35
2023.0520 19.85
2023.0712 18.51
2023.0903 18.33
2023.1095 20.53
2023.1287 20.02
2023.1478 21.67
2023.1670 18.49
2023.1862 24.80
2023.2053 25.51
2023.2245 21.74
2023.2437 18.70
2023.2628 18.40
2023.2820 17.07
2023.3012 16.77
2023.3203 15.78
2023.3395 17.19
2023.3587 17.03
2023.3778 16.81
2023.3970 17.95
2023.4162 14.60
2023.4353 13.83
2023.4545 13.54
2023.4736 13.44
2023.4928 13.59
2023.5120 14.83
2023.5311 13.34
2023.5503 13.60
2023.5695 13.33
2023.5886 17.10
2023.6078 14.84
2023.6270 17.30
2023.6461 15.68
2023.6653 13.09
2023.6845 13.84
2023.7036 13.79
2023.7228 17.20
2023.7420 17.52
2023.7611 17.45
2023.7803 19.32
2023.7995 21.71
2023.8186 21.27
2023.8378 14.91
2023.8569 14.17
2023.8761 13.80
2023.8953 12.46
2023.9144 12.63
2023.9336 12.35
2023.9528 12.28
2023.9719 13.03
2023.9911 12.45
2024.0110 13.35
2024.0301 12.70
2024.0493 13.30
2024.0684 13.26
2024.0876 13.85
2024.1068 12.93
2024.1259 14.24
2024.1451 13.75
2024.1643 13.11
2024.1834 14.74
2024.2026 14.41
2024.2218 13.06
2024.2409 13.01
2024.2601 16.03
2024.2793 17.31
2024.2984 18.71
2024.3176 15.03
2024.3368 13.49
2024.3559 12.55
2024.3751 11.99
2024.3943 11.93
2024.4134 12.92
2024.4326 12.22
2024.4517 12.66
2024.4709 13.20
2024.4901 12.44
2024.5092 12.48
2024.5284 12.46
2024.5476 16.52
2024.5667 16.39
2024.5859 23.39
2024.6051 20.37
2024.6242 14.80
2024.6434 15.86
2024.6626 15.00
