% DCOILWTICO, source data_fm_intro1.Rdata (18.642 FM_Intro1), weekly closes; t = decimal year
t p
2011.0164 88.07
2011.0356 91.53
2011.0548 88.22
2011.0739 88.15
2011.0931 87.87
2011.1123 84.39
2011.1314 85.03
2011.1506 96.52
2011.1697 104.34
2011.1889 101.14
2011.2081 101.06
2011.2272 104.89
2011.2464 107.55
2011.2656 112.27
2011.2847 109.17
2011.3039 111.72
2011.3231 113.39
2011.3422 96.87
2011.3614 99.21
2011.3806 99.15
2011.3997 100.58
2011.4189 100.28
2011.4381 99.30
2011.4572 93.02
2011.4764 90.89
2011.4956 94.81
2011.5147 96.20
2011.5339 97.24
2011.5530 99.53
2011.5722 95.68
2011.5914 86.89
2011.6105 85.19
2011.6297 82.33
2011.6489 85.37
2011.6680 86.45
2011.6872 87.24
2011.7064 87.96
2011.7255 79.58
2011.7447 78.93
2011.7639 82.70
2011.7830 86.80
2011.8022 87.19
2011.8214 93.32
2011.8405 94.26
2011.8597 98.99
2011.8789 97.67
2011.8980 96.91
2011.9172 100.97
2011.9363 99.40
2011.9555 93.55
2011.9747 99.72
2011.9938 98.83
2012.0137 101.56
2012.0329 98.69
2012.0520 98.15
2012.0712 99.47
2012.0903 97.80
2012.1095 98.68
2012.1287 103.27
2012.1478 109.39
2012.1670 106.68
2012.1862 107.40
2012.2053 107.03
2012.2245 106.43
2012.2437 103.03
2012.2628 103.29
2012.2820 102.84
2012.3012 103.58
2012.3203 104.86
2012.3395 98.49
2012.3587 96.03
2012.3778 91.51
2012.3970 90.64
2012.4162 83.17
2012.4353 84.08
2012.4545 84.03
2012.4736 79.33
2012.4928 85.04
2012.5120 84.37
2012.5311 87.15
2012.5503 91.56
2012.5695 90.13
2012.5886 91.40
2012.6078 92.94
2012.6270 96.00
2012.6461 95.78
2012.6653 96.47
2012.6845 96.41
2012.7036 98.94
2012.7228 92.64
2012.7420 92.18
2012.7611 89.87
2012.7803 91.83
2012.7995 90.00
2012.8186 85.84
2012.8378 84.90
2012.8569 86.08
2012.8761 86.62
2012.8953 87.01
2012.9144 88.54
2012.9336 85.45
2012.9528 86.32
2012.9719 88.20
2012.9911 90.66
2013.0082 93.12
2013.0274 93.60
2013.0465 95.61
2013.0657 95.15
2013.0849 97.46
2013.1040 95.71
2013.1232 95.95
2013.1424 93.12
2013.1615 90.71
2013.1807 92.01
2013.1999 93.49
2013.2190 93.41
2013.2382 97.24
2013.2574 92.76
2013.2765 91.23
2013.2957 88.04
2013.3149 92.63
2013.3340 95.25
2013.3532 95.81
2013.3723 95.72
2013.3915 93.84
2013.4107 91.93
2013.4298 96.11
2013.4490 97.83
2013.4682 93.81
2013.4873 96.36
2013.5065 103.09
2013.5257 105.85
2013.5448 108.00
2013.5640 104.76
2013.5832 106.94
2013.6023 106.04
2013.6215 107.58
2013.6407 106.48
2013.6598 107.98
2013.6790 110.62
2013.6982 108.31
2013.7173 104.70
2013.7365 102.86
2013.7556 103.83
2013.7748 102.17
2013.7940 100.87
2013.8131 97.40
2013.8323 94.56
2013.8515 94.56
2013.8706 93.80
2013.8898 94.53
2013.9090 92.55
2013.9281 97.48
2013.9473 96.27
2013.9665 99.11
2013.9856 99.94
2014.0055 93.66
2014.0246 92.39
2014.0438 93.96
2014.0630 96.66
2014.0821 97.55
2014.1013 99.98
2014.1205 100.31
2014.1396 102.53
2014.1588 102.88
2014.1780 102.82
2014.1971 99.23
2014.2163 99.97
2014.2355 101.73
2014.2546 101.16
2014.2738 103.68
2014.2930 104.33
2014.3121 100.85
2014.3313 100.09
2014.3504 100.32
2014.3696 102.31
2014.3888 105.01
2014.4079 103.40
2014.4271 103.32
2014.4463 107.49
2014.4654 107.95
2014.4846 106.46
2014.5038 104.76
2014.5229 101.48
2014.5421 103.83
2014.5613 105.23
2014.5804 97.86
2014.5996 97.61
2014.6188 97.30
2014.6379 93.61
2014.6571 97.86
2014.6762 93.32
2014.6954 92.18
2014.7146 92.43
2014.7337 95.55
2014.7529 89.76
2014.7721 85.87
2014.7912 82.80
2014.8104 81.27
2014.8296 80.53
2014.8487 78.71
2014.8679 75.91
2014.8871 76.52
2014.9062 65.94
2014.9254 65.89
2014.9446 57.81
2014.9637 56.91
2014.9829 54.59
2015.0027 52.72
2015.0219 48.35
2015.0411 48.49
2015.0602 45.26
2015.0794 47.79
2015.0986 51.66
2015.1177 52.66
2015.1369 49.95
2015.1561 49.84
2015.1752 49.61
2015.1944 44.88
2015.2136 46.00
2015.2327 48.83
2015.2519 49.13
2015.2710 51.63
2015.2902 55.71
2015.3094 55.98
2015.3285 59.10
2015.3477 59.41
2015.3669 59.73
2015.3860 58.88
2015.4052 60.25
2015.4244 59.11
2015.4435 59.96
2015.4627 59.62
2015.4819 59.41
2015.5010 56.93
2015.5202 52.74
2015.5394 50.88
2015.5585 47.98
2015.5777 47.11
2015.5969 43.87
2015.6160 42.45
2015.6352 40.45
2015.6543 45.29
2015.6735 46.02
2015.6927 44.75
2015.7118 44.71
2015.7310 45.55
2015.7502 45.54
2015.7693 49.67
2015.7885 47.30
2015.8077 43.91
2015.8268 46.60
2015.8460 44.32
2015.8652 40.69
2015.8843 39.39
2015.9035 40.57
2015.9227 40.00
2015.9418 35.65
2015.9610 34.72
2015.9802 37.62
2016.0000 37.13
2016.0192 33.20
2016.0383 29.45
2016.0575 32.07
2016.0767 33.66
2016.0958 30.86
2016.1150 29.32
2016.1342 29.59
2016.1533 31.65
2016.1725 35.91
2016.1916 38.51
2016.2108 39.47
2016.2300 38.14
2016.2491 35.36
2016.2683 39.74
2016.2875 40.40
2016.3066 42.76
2016.3258 45.98
2016.3450 44.58
2016.3641 46.22
2016.3833 47.67
2016.4025 49.36
2016.4216 48.69
2016.4408 49.09
2016.4600 48.00
2016.4791 46.70
2016.4983 49.02
2016.5175 45.37
2016.5366 45.93
2016.5558 43.41
2016.5749 41.54
2016.5941 41.83
2016.6133 44.47
2016.6324 48.48
2016.6516 47.64
2016.6708 44.39
2016.6899 45.88
2016.7091 43.04
2016.7283 44.36
2016.7474 47.72
2016.7666 49.76
2016.7858 50.35
2016.8049 50.61
2016.8241 48.72
2016.8433 44.07
2016.8624 43.39
2016.8816 45.69
2016.9008 46.72
2016.9199 51.70
2016.9391 51.51
2016.9582 51.93
2016.9774 52.01
2016.9966 53.75
2017.0137 53.98
2017.0329 52.36
2017.0520 52.33
2017.0712 53.18
2017.0903 53.81
2017.1095 53.84
2017.1287 53.41
2017.1478 53.99
2017.1670 53.33
2017.1862 48.05
2017.2053 48.34
2017.2245 47.30
2017.2437 50.54
2017.2628 52.25
2017.2820 53.19
2017.3012 49.64
2017.3203 49.31
2017.3395 46.23
2017.3587 47.83
2017.3778 50.32
2017.3970 49.58
2017.4162 47.68
2017.4353 45.82
2017.4545 44.73
2017.4736 42.86
2017.4928 46.02
2017.5120 44.25
2017.5311 46.53
2017.5503 45.78
2017.5695 49.72
2017.5886 49.57
2017.6078 48.81
2017.6270 48.59
2017.6461 47.65
2017.6653 47.32
2017.6845 47.44
2017.7036 49.90
2017.7228 50.33
2017.7420 51.67
2017.7611 49.34
2017.7803 51.43
2017.7995 51.63
2017.8186 53.92
2017.8378 55.63
2017.8569 56.75
2017.8761 56.21
2017.8953 58.94
2017.9144 58.35
2017.9336 57.15
2017.9528 57.29
2017.9719 58.25
2017.9911 60.46
2018.0110 61.49
2018.0301 64.22
2018.0493 63.38
2018.0684 66.27
2018.0876 65.50
2018.1068 59.20
2018.1259 61.89
2018.1451 63.52
2018.1643 61.19
2018.1834 62.02
2018.2026 62.29
2018.2218 65.80
2018.2409 64.87
2018.2601 62.03
2018.2793 67.35
2018.2984 68.26
2018.3176 68.11
2018.3368 69.71
2018.3559 70.69
2018.3751 71.23
2018.3943 67.92
2018.4134 65.81
2018.4326 65.77
2018.4517 65.01
2018.4709 69.02
2018.4901 74.13
2018.5092 73.78
2018.5284 71.03
2018.5476 70.31
2018.5667 68.66
2018.5859 68.49
2018.6051 67.61
2018.6242 65.93
2018.6434 69.71
2018.6626 69.84
2018.6817 67.73
2018.7009 68.98
2018.7201 70.80
2018.7392 73.16
2018.7584 74.26
2018.7775 71.41
2018.7967 69.16
2018.8159 67.58
2018.8350 63.12
2018.8542 60.19
2018.8734 56.49
2018.8925 54.41
2018.9117 50.78
2018.9309 52.76
2018.9500 51.26
2018.9692 45.38
2018.9884 45.15
2019.0082 47.76
2019.0274 51.44
2019.0465 53.60
2019.0657 53.53
2019.0849 55.29
2019.1040 52.75
2019.1232 55.58
2019.1424 57.01
2019.1615 55.76
2019.1807 55.77
2019.1999 58.51
2019.2190 58.87
2019.2382 60.19
2019.2574 63.10
2019.2765 63.86
2019.2957 64.02
2019.3149 63.29
2019.3340 61.98
2019.3532 61.65
2019.3723 62.77
2019.3915 58.40
2019.4107 53.49
2019.4298 53.95
2019.4490 52.47
2019.4682 57.35
2019.4873 58.20
2019.5065 57.06
2019.5257 59.99
2019.5448 55.42
2019.5640 56.04
2019.5832 55.67
2019.6023 54.41
2019.6215 54.83
2019.6407 54.08
2019.6598 55.07
2019.6790 56.45
2019.6982 54.76
2019.7173 57.92
2019.7365 55.95
2019.7556 52.84
2019.7748 54.76
2019.7940 53.75
2019.8131 56.52
2019.8323 56.04
2019.8515 57.02
2019.8706 57.54
2019.8898 57.68
2019.9090 58.12
2019.9281 59.20
2019.9473 60.11
2019.9665 60.43
2019.9856 61.76
2020.0055 63.00
2020.0246 59.02
2020.0438 58.55
2020.0630 54.09
2020.0821 51.58
2020.1013 50.34
2020.1205 52.03
2020.1396 53.36
2020.1588 44.83
2020.1670 46.78
2020.1697 47.27
2020.1725 46.78
2020.1752 45.90
2020.1780 41.14
2020.1862 31.05
2020.1889 34.47
2020.1916 33.13
2020.1944 31.56
2020.1971 31.72
2020.2053 28.96
2020.2081 26.96
2020.2108 20.48
2020.2136 25.09
2020.2163 19.48
2020.2245 23.33
2020.2272 21.03
2020.2300 20.75
2020.2327 16.60
2020.2355 15.48
2020.2437 14.10
2020.2464 20.51
2020.2491 20.28
2020.2519 25.18
2020.2546 28.36
2020.2628 26.21
2020.2656 23.54
2020.2683 24.97
2020.2710 22.90
2020.2820 22.36
2020.2847 20.15
2020.2875 19.96
2020.2902 19.82
2020.2930 18.31
2020.3012 -36.98
2020.3039 8.91
2020.3066 13.64
2020.3094 15.06
2020.3121 15.99
2020.3203 12.17
2020.3231 12.40
2020.3258 15.04
2020.3285 19.23
2020.3313 19.72
2020.3395 20.47
2020.3422 24.56
2020.3450 23.88
2020.3477 23.68
2020.3504 24.73
2020.3587 24.02
2020.3614 25.76
2020.3641 25.37
2020.3669 27.40
2020.3696 29.44
2020.3778 31.83
2020.3806 32.30
2020.3833 33.56
2020.3860 34.30
2020.3888 33.49
2020.3997 34.70
2020.4025 32.80
2020.4052 33.67
2020.4079 35.57
2020.4162 35.49
2020.4271 39.49
2020.4463 36.24
2020.4654 39.72
2020.4846 38.53
2020.5038 40.57
2020.5229 40.56
2020.5421 40.55
2020.5613 41.23
2020.5804 40.10
2020.5996 41.16
2020.6188 42.05
2020.6379 42.32
2020.6571 42.96
2020.6762 39.69
2020.6954 37.33
2020.7146 41.09
2020.7337 40.06
2020.7529 36.90
2020.7721 40.44
2020.7912 40.70
2020.8104 39.73
2020.8296 35.64
2020.8487 36.97
2020.8679 39.93
2020.8871 41.99
2020.9062 45.58
2020.9254 46.23
2020.9446 46.59
2020.9637 49.04
2020.9829 48.18
2021.0000 48.35
2021.0192 52.14
2021.0383 52.25
2021.0575 52.28
2021.0767 52.16
2021.0958 56.80
2021.1150 59.50
2021.1342 59.12
2021.1533 61.55
2021.1725 66.08
2021.1916 65.59
2021.2108 61.43
2021.2300 60.93
2021.2491 61.41
2021.2683 59.29
2021.2875 63.16
2021.3066 62.18
2021.3258 63.50
2021.3450 64.96
2021.3641 65.32
2021.3833 63.61
2021.4025 66.31
2021.4216 69.57
2021.4408 71.00
2021.4600 71.64
2021.4791 74.21
2021.4983 75.37
2021.5175 74.56
2021.5366 71.76
2021.5558 72.24
2021.5749 73.93
2021.5941 68.26
2021.6133 68.36
2021.6324 62.25
2021.6516 68.84
2021.6708 69.34
2021.6899 69.82
2021.7091 72.09
2021.7283 74.18
2021.7474 76.01
2021.7666 79.55
2021.7858 82.39
2021.8049 84.53
2021.8241 83.50
2021.8433 81.25
2021.8624 80.87
2021.8816 76.11
2021.9008 78.32
2021.9199 66.39
2021.9391 71.71
2021.9582 70.93
2021.9774 73.89
2021.9966 75.33
2022.0164 79.00
2022.0356 83.82
2022.0548 85.16
2022.0739 87.67
2022.0931 92.27
2022.1123 93.10
2022.1314 91.26
2022.1506 91.68
2022.1697 115.77
2022.1889 109.31
2022.2081 104.69
2022.2272 116.20
2022.2464 99.32
2022.2656 98.35
2022.2847 106.84
2022.3039 102.86
2022.3231 104.59
2022.3422 109.72
2022.3614 110.52
2022.3806 112.63
2022.3997 114.96
2022.4189 118.97
2022.4381 120.73
2022.4572 109.56
2022.4764 109.07
2022.4956 110.30
2022.5147 106.78
2022.5339 99.59
2022.5530 97.71
2022.5722 101.31
2022.5914 91.77
2022.6105 94.86
2022.6297 93.55
2022.6489 93.63
2022.6680 87.29
2022.6872 87.27
2022.7064 85.57
2022.7255 79.07
2022.7447 79.91
2022.7639 93.07
2022.7830 86.10
2022.8022 85.47
2022.8214 87.85
2022.8405 92.58
2022.8597 89.14
2022.8789 80.07
2022.8980 76.45
2022.9172 79.86
2022.9363 71.05
2022.9555 74.19
2022.9747 79.57
2022.9938 80.16
2023.0137 73.77
2023.0329 79.90
2023.0520 81.27
2023.0712 79.73
2023.0903 73.40
2023.1095 79.74
2023.1287 76.31
2023.1478 76.19
2023.1670 79.62
2023.1862 76.55
2023.2053 66.61
2023.2245 69.22
2023.2437 75.68
2023.2628 80.70
2023.2820 82.58
2023.3012 77.86
2023.3203 76.78
2023.3395 71.32
2023.3587 70.02
2023.3778 71.57
2023.3970 72.35
2023.4162 71.76
2023.4353 70.16
2023.4545 71.81
2023.4736 68.91
2023.4928 70.66
2023.5120 73.91
2023.5311 75.44
2023.5503 77.06
2023.5695 80.55
2023.5886 82.76
2023.6078 83.17
2023.6270 81.25
2023.6461 80.47
2023.6653 85.52
2023.6845 87.51
2023.7036 90.83
2023.7228 90.00
2023.7420 90.77
2023.7611 82.83
2023.7803 87.67
2023.7995 89.12
2023.8186 86.04
2023.8378 81.19
2023.8569 76.34
2023.8761 76.47
2023.8953 74.83
2023.9144 73.70
2023.9336 70.87
2023.9528 71.05
2023.9719 73.29
2023.9911 71.89
2024.0110 74.00
2024.0301 72.94
2024.0493 73.69
2024.0684 78.45
2024.0876 72.72
2024.1068 77.26
2024.1259 79.65
2024.1451 77.60
2024.1643 80.90
2024.1834 78.96
2024.2026 81.94
2024.2218 81.10
2024.2409 83.96
2024.2601 87.69
2024.2793 86.46
2024.2984 83.79
2024.3176 85.38
2024.3368 79.65
2024.3559 79.81
2024.3751 81.66
2024.3943 78.48
2024.4134 77.97
2024.4326 76.53
2024.4517 79.41
2024.4709 81.71
2024.4901 82.83
2024.5092 84.44
2024.5284 83.49
2024.5476 81.43
2024.5667 78.58
2024.5859 74.99
2024.6051 78.28
2024.6242 78.05
2024.6434 75.82
2024.6626 78.40
